1.081012282229145381e-02 -9.633590971041443574e-01 -2.679969986235943846e-01
-4.223078320505082445e-02 -8.934523745426573571e-01 -4.471682182064991018e-01
-3.411913185480963673e-01 -5.096995543517696126e-01 -7.898068424880978489e-01
8.028213998819510033e-01 1.413539228669421222e-01 -5.792209150071421231e-01
9.419026284166980012e-02 -9.429839311099029731e-01 -3.192326738514263407e-01
-4.047687044353938668e-01 -8.471398201103454983e-01 3.442621400809335319e-01
-7.165373055391202062e-01 5.991228889780878530e-01 3.572478882698781888e-01
4.759943577302977458e-01 6.003234753842358051e-01 -6.426827337897869086e-01
7.590110758207795350e-01 6.505060413303969113e-01 2.727777436006925682e-02
6.333265686937926686e-01 5.987411078613442683e-01 -4.903126993496261798e-01
7.547771749473237701e-01 -5.088289113966208976e-01 -4.140103321240505840e-01
-2.829285646850320246e-01 -9.437766216996448243e-01 -1.709886417820584426e-01
-3.705122243142108807e-01 -9.039297905173214742e-01 -2.136156020730867466e-01
-1.161592152054802263e-01 8.685075661987704532e-01 -4.818730581577843619e-01
2.342690310877270851e-02 -4.608581264377555331e-01 8.871645661922108461e-01
-6.041240317961768524e-02 -9.335325681128361364e-01 3.533656545488206846e-01
7.669113875796069735e-01 -1.415832454855507072e-01 -6.259401794089431981e-01
-9.028485199498933467e-01 2.754117773088896604e-01 3.301710207511337480e-01
9.005443894886461242e-01 -3.617999522867358930e-01 2.410821376332911159e-01
2.765819952719346664e-01 7.999839677123239401e-01 -5.324735216840768004e-01
-1.884947019403435398e-01 5.202500566710103191e-01 -8.329523551045590057e-01
-2.645473911222760433e-01 6.942666260025527336e-01 -6.693343931619152309e-01
-5.693187490452183974e-01 -6.479133534647207870e-01 -5.060478716363575602e-01
-5.152876474357964698e-01 6.489587077804476190e-01 5.597599807024559171e-01
9.215987983210983669e-01 2.534777015341129758e-01 -2.939467804860105837e-01
-3.487940030251031609e-01 7.209213623263610593e-01 5.988448319850711021e-01
8.966807626137712761e-01 -3.448169121321375541e-01 2.776056682887494964e-01
-5.921391577746204504e-01 7.832251319796621480e-01 1.895510761388711773e-01
5.585253186286870397e-01 6.007030658771662646e-01 5.720186142919618799e-01
3.720351731098732184e-01 -6.313573730615119617e-01 -6.804246449460613633e-01
-6.991202645788834324e-01 -6.520424997592538796e-01 2.933793349281020868e-01
-7.851686510518801621e-01 5.943697763457799210e-01 -1.738814491889181524e-01
-7.873465485377965090e-01 -3.877493286037390074e-01 4.793076993675029485e-01
9.279883704290018409e-01 -3.470053646124778846e-01 1.357382086174962199e-01
-1.538342255213126231e-01 -9.764543166148340614e-01 -1.512349120491542076e-01
8.583526548510245213e-01 6.038181706883425509e-02 5.094946084873361869e-01
3.536205485857807918e-01 3.666624644341230366e-01 8.605295722942861714e-01
-8.213598074946768524e-01 -2.633118447000260542e-01 5.059989516520532193e-01
-4.145065476142068550e-01 -3.555157571060197502e-02 9.093516412529558668e-01
-8.308913174594143580e-01 -5.090625768327803335e-01 -2.246662222919331708e-01
6.572405806004745499e-02 -5.863655031671831663e-01 -8.073759006111189684e-01
-2.319437888661327607e-01 -8.354569287032631575e-01 4.982105971254862098e-01
8.828768101731137019e-01 -2.276629191368671201e-01 -4.107287831509113807e-01
1.551921670131197473e-01 8.578297683630999870e-01 4.899423229400394764e-01
-7.493696537309335604e-01 -5.242923591869836919e-01 4.044287875081688521e-01
-2.046361769573604716e-01 3.292675165091928369e-01 -9.217954966542982742e-01
-6.602062155961303525e-01 -5.730202469370536678e-01 4.855672450736702728e-01
9.114882018915579920e-01 -3.843301173145904914e-01 1.465592669790881653e-01
-3.731855664011275442e-01 5.299394438671705121e-01 7.615095001794947027e-01
8.737114874514798624e-01 2.062441741767403192e-01 -4.405582564354876829e-01
2.304996785037627671e-01 7.103824073865455668e-01 6.650013033711723587e-01
-2.963701198084684463e-01 -8.441742005890966460e-01 -4.466930390597929623e-01
2.477940311726722911e-02 -9.609556265514735199e-03 -9.996467564142504925e-01
-3.560845198098817055e-01 6.651884805318017402e-02 -9.320831816986313578e-01
4.100568465475463720e-01 -3.380784444260394594e-01 8.470869778328263822e-01
-1.256750808271155928e-01 -5.759330612222609558e-01 -8.077789815600883161e-01
8.232044737457536732e-01 3.714345973915545440e-01 4.293841336909766104e-01
-8.858621393736511029e-01 1.033373079566217850e-01 -4.522937881605452737e-01
5.740790550273527915e-01 7.475278585171374335e-01 -3.341187503264133607e-01
-5.089848014866168446e-01 6.256773693321234786e-01 5.911533653471515715e-01
-9.292971323156129504e-01 7.092886920111850235e-02 -3.624581843245214818e-01
-9.185095929039402973e-01 3.912242622403698800e-01 5.730361574906186334e-02
-7.766812972347975075e-01 5.560203853154553899e-01 2.959856307987341895e-01
8.688118108423881214e-01 -3.742989110485767101e-01 -3.241394183505305060e-01
7.693680343664547339e-01 -3.364444264012336205e-01 -5.430266804114164403e-01
5.817895845723947135e-01 4.564091914310305920e-01 6.732098701447812861e-01
-1.866104657453585003e-01 -3.734426429941349879e-01 9.086897856077482682e-01
8.056943233569255902e-01 -3.635458651769863936e-01 4.676441608992272236e-01
1.194455395195129499e-01 -9.301599362980585983e-01 3.471818773998494034e-01
2.639329210186362462e-01 3.832662056844139964e-01 8.851250921665495541e-01
5.985920149181722660e-01 -7.273732199805057475e-01 3.355827744855112704e-01
-6.907974107481490433e-01 -7.202561454192821788e-01 -6.348245654833062357e-02
3.785464796398114225e-03 -6.655941369479549952e-01 7.463043046350343879e-01
6.123765708598802870e-01 -4.171908543230572475e-01 6.715256707908431322e-01
9.656634750766909248e-01 -1.436467355659966083e-01 -2.164709409228910142e-01
-8.083212217446494874e-01 4.664523420813532772e-01 -3.592200092478943230e-01
8.582121940904310353e-01 3.768071659449633848e-01 -3.485515594671946826e-01
3.495913062089852641e-01 -4.583902843059149412e-01 -8.171072548185078777e-01
-9.180640016267198611e-01 -1.984733123446394965e-01 -3.431717255312290993e-01
3.832778841941241604e-02 9.416063514379803268e-01 3.345272179756548225e-01
-3.402234798558003148e-01 9.303867351820563902e-01 -1.364862877804353392e-01
-5.255230824088696906e-01 -4.583347220330550864e-01 7.167668884891116310e-01
-4.950196219358934391e-01 8.002442145399111251e-01 -3.384741806901166439e-01
-1.935369880097832507e-01 -4.689699279796649134e-01 8.617485949642442744e-01
9.446206515479547150e-01 -2.638374816752732110e-01 1.951450945639356394e-01
8.033294603582700200e-01 4.631601935636687761e-01 3.743586692178446640e-01
-8.873914342756503704e-01 -2.987668982385835448e-01 3.511050881019811554e-01
-9.621847354228163507e-02 -4.387930621042947510e-01 8.934218790685224398e-01
6.516949744976744396e-01 5.295346089274288737e-01 -5.430347669924555642e-01
-1.368813940696205211e-01 -8.858163972149875054e-01 4.433878599856075353e-01
4.463800747368529276e-02 -4.165539206624157241e-03 9.989945428138721217e-01
-8.615680483749705854e-01 3.055236476226401710e-01 -4.054081878338192668e-01
-3.490983866381511258e-01 8.142514949781159972e-01 4.638155014362317363e-01
4.482561882868086323e-01 -7.309980530509027075e-01 5.144980428518370896e-01
-9.504258183220810619e-01 1.031635856245901317e-01 2.933394594456745219e-01
9.405114298065829770e-01 -3.286029837953175492e-01 8.636162020244429749e-02
1.215788643928335244e-02 7.091815920520401217e-01 7.049210276987509793e-01
7.729210806800899114e-01 -4.209219364660908569e-02 -6.331044544736185165e-01
9.217407057888440391e-01 7.907873648326299576e-02 3.796585633540934812e-01
1.953452521952359355e-01 6.384901731384787782e-01 7.444263101545881556e-01
4.466411168069093218e-01 -6.683150226958276541e-01 -5.948669962408000833e-01
4.821220475148118578e-01 -4.071270344051763357e-01 7.757615027549201736e-01
-6.793141021358990450e-01 -2.677114751289726424e-01 -6.832736762993045776e-01
4.767997491537840915e-01 -5.026616010119415723e-01 -7.211056192230096418e-01
9.390341234473068566e-01 3.053725032085526925e-01 -1.579954090652340992e-01
-3.626388896589179400e-01 8.868972594458939263e-01 2.861927443075905630e-01
-1.289796366103333480e-01 5.718345937210917995e-01 8.101663105583323254e-01
-9.223399729372065980e-01 -2.375190368475155189e-01 3.047518358553747975e-01
6.562930676482097159e-01 6.824444102557540859e-01 3.217903607437276881e-01
7.089798043159842855e-01 -4.613975967966603697e-01 -5.333478177909191098e-01
-2.224010416927084954e-01 6.978919916339649809e-01 -6.807969922577330468e-01
9.692446670033901812e-01 -1.809793151932290456e-01 -1.667670919506512583e-01
-5.138892642632470614e-02 -6.355803261727440701e-01 -7.703225475233721475e-01
-9.871431041011444196e-02 -9.602994791943718633e-01 -2.609222013920506344e-01
-1.577034982786584272e-01 8.578800346398598453e-01 -4.890515850061076253e-01
-3.549245180695787538e-01 3.442198466680407853e-01 8.692187777728388465e-01
8.508572808404959997e-02 -9.219025418471046285e-01 -3.779631228205401761e-01
4.487931806034260451e-01 2.540467716888295535e-01 8.567642142610440992e-01
-2.638282006257950951e-01 9.305373308310296299e-01 2.539585723782879501e-01
-6.820773540377049748e-01 -6.718804974677278219e-01 -2.886989439389101575e-01
-3.376355989784298739e-01 9.411919962473614953e-01 1.264232978463807923e-02
-5.693979310386974024e-01 -3.630490524584783496e-01 -7.375509349447343377e-01
5.941350602905294265e-01 -7.608425274954251361e-01 -2.610022576299721453e-01
-8.751573682417269906e-02 -9.114159260951240071e-01 4.020721396320436902e-01
-5.659802466728447445e-01 3.205672131049529527e-01 7.595413236014677549e-01
9.721830199958643448e-02 9.250910389122565247e-01 -3.670901408108900310e-01
-6.124183236679168196e-01 2.838884781700947157e-01 -7.378015510949040845e-01
6.853537713901491912e-01 -5.412362420436380717e-01 -4.871894275738950508e-01
-4.768558074117390522e-01 6.219922283605164859e-01 -6.210750411961645234e-01
6.872528435009882530e-01 4.429135322815932474e-01 5.757700339733287098e-01
-1.339538797073065168e-01 2.418958588134144105e-01 9.610113171031239299e-01
-4.712596276479167900e-01 -1.137533899784060748e-02 -8.819211784574803037e-01
9.094413143504374020e-01 6.998322353367085469e-02 -4.099010175351914809e-01
1.715188941741196127e-01 -8.856296605734282901e-01 4.315569177453669192e-01
9.311592245691324710e-02 9.739901238465977773e-01 -2.065736276350087497e-01
5.094880870849296528e-01 7.388576498001885318e-01 4.410343098334653100e-01
6.184755722911881026e-01 7.686386491366345997e-01 1.633480747743819295e-01
1.271588382352843993e-01 3.407751338049354595e-01 9.315057369865636927e-01
-2.396220698421908379e-01 2.480124585369228585e-01 -9.386538680765211806e-01
-9.007100241865390045e-01 -2.264834321984292853e-01 3.707110832838749204e-01
-9.708947620670602685e-01 1.512645753609034860e-01 1.856943435639117068e-01
-8.782964009063896071e-01 -4.054420612886033837e-01 -2.534011978916650976e-01
-2.623621349158834493e-01 2.331003289942223111e-01 -9.363921970975437326e-01
-8.915979743548770875e-01 -1.447686096689083102e-01 -4.290630510552161381e-01
-8.257823173481465551e-01 5.393585055662828420e-01 -1.648513476694418167e-01
-9.769894059209021098e-01 8.178590798840534859e-03 -2.131309723406430157e-01
-6.708244047833954171e-02 -4.169846748664398639e-01 9.064346237352142177e-01
-8.686141209391913254e-01 -4.819096982353869296e-01 1.152065608015198361e-01
1.724548331543373780e-01 9.534242008868324403e-01 -2.474704501248883859e-01
-9.426551510667640077e-01 -2.700388372531383752e-01 1.961639430228440673e-01
-1.607278669148328176e-01 9.214230520001044367e-01 3.537599638735575147e-01
5.883235952953268511e-01 -3.973765132429737945e-02 8.076486032217284894e-01
-1.050438013756243849e-01 9.019425400083720401e-01 -4.188859681533921853e-01
8.642562750706395125e-01 -2.415597380625729707e-01 -4.412595426142805199e-01
4.956015424443382944e-01 4.525658439045385228e-01 7.413253456194288660e-01
5.882970795019560883e-01 -7.353199043261773316e-01 -3.364686977286451275e-01
-9.519267008434681432e-02 2.313776119111519147e-01 9.681956188025770960e-01
-8.127721048526931336e-02 -1.043313075277749330e-01 -9.912159166020682033e-01
-6.424589467049798830e-02 4.920185400183162416e-01 -8.682109313388262084e-01
-5.821446645350437932e-02 9.125841740560953763e-01 -4.047236108233467911e-01
-7.463185715313668256e-01 3.319528438177330454e-01 -5.769019841088257605e-01
9.830763284625726461e-02 -5.197730951418155776e-01 -8.486292116648251893e-01
-7.456492737578264141e-01 -1.765503992711607295e-01 -6.425240206106070939e-01
-1.810456154733395828e-01 4.010432814621467390e-01 8.979904072494053757e-01
8.441258984276881483e-01 7.677520982125651816e-02 5.306194820778353805e-01
-9.680673001779942499e-01 -1.749384502412767162e-01 1.795612456886775121e-01
4.090856463309073821e-01 -7.920677221721746930e-01 4.530757745223268351e-01
8.027192654444612607e-01 5.543337840554590779e-01 -2.198996060457140966e-01
-8.081461883767355747e-01 -4.686445175930702978e-01 -3.567520908727966900e-01
1.337617376608969677e-01 4.311311451410225759e-01 -8.923193000419346044e-01
4.853022586785459280e-01 2.968132154023521152e-01 -8.224254573418910974e-01
2.701048623337580779e-01 8.738421877336657317e-01 4.042810832582974800e-01
-7.133150319392981276e-01 -1.266514085193290451e-01 6.893047844963127169e-01
-1.799882421949436651e-01 8.640853074239109866e-01 4.700646914688438316e-01
-7.278709390978056470e-01 1.004038322686365697e-01 6.783236443488093181e-01
9.394528860361850420e-03 -9.907301801820522780e-01 1.355191975475426580e-01
-8.770168701735875372e-01 4.353264079465681280e-01 -2.033035365537520234e-01
1.478543961839558496e-01 -8.793239490109056034e-01 -4.526902585929412637e-01
-6.401875829330209988e-02 -9.466133219849381941e-01 3.159506563171274873e-01
-3.553610930712517990e-01 3.049488521155630516e-01 -8.835862669397966940e-01
-2.587619710055099609e-01 4.827051565740121397e-01 8.366827201384059443e-01
-4.896620121873542786e-01 -8.951316557807141583e-03 8.718663818226467521e-01
3.775249239357404973e-01 5.328188360759702480e-01 7.573499981712296103e-01
-3.224686487183341943e-01 6.919853228740158180e-01 -6.458872065002646545e-01
-9.236356742240028339e-01 -3.811472235718169066e-01 4.029808015609560867e-02
-3.945515354728136859e-01 -1.503923723616987229e-01 9.064828846654884309e-01
4.989802572529740687e-01 1.386614872818712485e-01 -8.554482420442135471e-01
9.487615744959857489e-01 3.029438959848707036e-01 -8.986918629544760062e-02
7.867200054300426126e-01 -3.907239999106723038e-01 -4.779188099980568039e-01
4.543182524769284747e-01 -7.636364159830572040e-01 4.587530377565484097e-01
-3.559993969406897718e-01 -9.993122044926813774e-02 -9.291276449215064570e-01
4.964824428163393533e-01 7.512517247527913389e-01 4.348862265364086266e-01
4.081544219787445194e-01 2.031296012586080446e-01 -8.900271529069863075e-01
-3.859633173340332180e-01 -4.074028632611183531e-01 -8.276806296387215767e-01
5.179332725786479630e-01 -3.535503412889079988e-01 7.789398444876656225e-01
-1.345784973661643957e-01 6.661736664157195120e-01 7.335538659300372410e-01
-5.950055840146889485e-01 -8.025071508205415816e-01 4.416591302391023599e-02
7.063225901507175220e-01 -1.410812111190819229e-01 6.936890445379361170e-01
9.597401156140535905e-01 -1.276852060107648013e-01 2.501907245425208370e-01
5.159581795938040782e-01 -5.180112863693042691e-01 6.822400340820424791e-01
3.358383220035755512e-01 3.378089278613828350e-01 8.792597737477620967e-01
-4.672334414359619048e-01 1.690826344213966215e-01 -8.678156336117873737e-01
-1.219838585942509962e-01 3.168811287794768838e-01 9.405882672380632137e-01
2.639971430074160574e-01 8.835148839449988856e-01 -3.869198345026744201e-01
-9.594814662812716222e-01 2.398145779467917016e-01 -1.479333771227553385e-01
5.220480673055730714e-01 8.271767892150153623e-01 -2.079528187028341080e-01
9.432666612468810774e-01 -3.314404565202543340e-01 -1.988038132951795017e-02
8.975877146518436434e-02 -8.285726103837683099e-02 -9.925109758779895319e-01
2.042030632114631150e-01 9.300357155982381663e-01 3.055072449005555302e-01
-1.778871809427329809e-01 -9.580952047119677406e-01 -2.245211116224488379e-01
-8.052533487128396006e-01 4.765232638331385467e-02 -5.910129441704436992e-01
-7.477959677568070118e-01 6.631893401919730646e-01 3.132235084401865932e-02
-3.575179548823473885e-01 5.908582337073959856e-01 7.232340282349275506e-01
8.149800573009077787e-02 -8.048857716924913142e-01 -5.878069152272719089e-01
6.430483169689158451e-01 6.361910910471199054e-01 -4.263211907889633556e-01
9.231817220291919091e-01 -2.225344541797889819e-01 3.133910094660011247e-01
8.372743770868620317e-01 -4.197384861998890715e-01 -3.504157825732633902e-01
8.270113472637179441e-01 -4.841942145957894850e-01 2.856714792362313737e-01
9.163691950913070983e-01 -8.336473553157218441e-02 3.915581938326169742e-01
-2.034573277135170721e-01 9.761779819596575480e-01 7.537680901209113660e-02
-7.449288401925437952e-01 -5.766698020030499583e-01 -3.354593306306363765e-01
7.694602409025137479e-01 6.827912795525892253e-02 6.350345646938557742e-01
3.153226799376909750e-01 -9.321071509294260871e-01 1.781793105361582641e-01
-2.030135865554048569e-01 2.766298021135235041e-01 9.392877281517861832e-01
-1.886622165287953623e-01 6.352935449556783576e-01 7.488716043435545977e-01
5.646101450544681599e-01 -5.960265928033677829e-01 -5.709357974175212069e-01
5.436849091069285711e-01 1.944285462860864955e-01 -8.164583639099239898e-01
-2.696429993347558285e-01 -8.877252432112637814e-01 3.731441349870841528e-01
-9.809663885489582347e-01 -1.934255227151200351e-01 1.707371370255608353e-02
4.317294796026598380e-01 8.152159034893659006e-01 -3.860475192771397057e-01
-1.315752745076396724e-01 -9.808613251011405465e-01 1.435235453125162652e-01
7.063127422676543921e-01 -6.199982144689254460e-01 3.416497097403863314e-01
9.564196306571026707e-01 -1.263818085539225311e-01 2.632282822197705152e-01
5.025362224115539345e-01 4.991077602803536961e-01 7.059382329866078498e-01
7.346456322993792643e-02 8.316988894939395527e-01 -5.503452690484239573e-01
7.284720592540405715e-01 -7.880056357357437258e-02 -6.805284197347416519e-01
-8.259979656638443135e-01 -5.340622087327849821e-01 1.802912031205347043e-01
-1.694252360206952579e-01 -7.510971245277893449e-02 -9.826767629768156098e-01
8.732773152518459314e-01 -3.083005564151198308e-01 3.772764206528887443e-01
8.139885970025112494e-01 7.418966209588492844e-02 -5.761236481763111206e-01
1.008465135921826350e-01 2.974200721499490885e-01 -9.494057517092577836e-01
-5.362507396816357241e-01 -5.934504705622454246e-01 6.002096993387794344e-01
-2.998799468725271700e-01 -6.126222407442497575e-01 7.312769705174808621e-01
-6.776377896445783255e-01 6.995309011808609201e-01 -2.268557787200991827e-01
-9.059000578139845272e-01 3.343609044749055736e-01 -2.598997322263770227e-01
9.555002582025422520e-01 -2.590391042847168812e-01 -1.411311412348333905e-01
-5.817410286030259003e-01 -8.105270699131551515e-01 6.799444519877216597e-02
2.522111740532523294e-01 -6.906116844400137511e-01 -6.778237418367749623e-01
8.794055081617085934e-02 -8.333106824075914298e-01 5.457653031363780549e-01
5.155308587385623031e-01 6.831985381681514591e-01 -5.171727865357781395e-01
3.556240851530026448e-01 -8.875192380478150733e-01 2.929865392029397109e-01
6.394647828684406621e-01 3.924983382678892685e-01 6.610823291602671015e-01
1.888930034428844551e-01 -9.540935496421643069e-01 -2.324326392345563985e-01
5.360616335075725214e-01 -1.179510130966870685e-01 8.358980102803560408e-01
-1.015134764691354302e-01 7.485331967624673233e-01 6.552809072754307573e-01
2.275703343285245539e-01 4.143782452214948564e-01 -8.811937430671862304e-01
-3.330073588775149251e-01 9.378484268212634589e-01 -9.770581989985631377e-02
7.583218296906591993e-01 -4.943435829338169163e-01 -4.249381421180822849e-01
1.904978139456586506e-01 9.185484399305262615e-01 3.463803493027882152e-01
5.871448921571507107e-01 -6.301412701920959814e-01 5.081169700122796229e-01
2.867172406535534179e-01 -8.976140066959317210e-01 -3.347869753967261941e-01
5.817943694564682300e-01 7.088513422947720910e-01 3.988045714327388414e-01
5.759064820831647502e-01 7.152054518078915235e-02 8.143810751187899877e-01
-6.977574362291240062e-01 -6.342371789313304697e-01 3.329831242693651605e-01
2.641302605554300340e-02 -6.393028472169725029e-01 7.685012827542069269e-01
-3.775682765453378109e-01 -1.561811830800386158e-01 -9.127155277512829512e-01
8.218967495062761142e-01 3.050349863780194570e-01 4.810814798309941409e-01
5.472943177990592378e-01 8.119343479361641469e-01 -2.030555203542575571e-01
-9.093293126638978263e-01 -4.064988311482021777e-01 8.876317595348101608e-02
-4.306873108069485256e-02 6.387440423628258923e-01 7.682129475276339159e-01
6.262649099653778625e-03 -3.213839253918423511e-01 -9.469282716900923047e-01
2.489086220646275216e-01 -9.382548132579506817e-01 2.402548714598235768e-01
-4.705616495783470632e-01 -5.790503055655078501e-01 -6.657871112980462414e-01
5.187451067091179979e-01 -6.969715500681115117e-01 4.951102631343845539e-01
-8.617040058036669059e-01 -1.587556029890979381e-01 4.819365776754053754e-01
-3.775729204924586635e-01 -8.094049243424196183e-01 4.497803443471463658e-01
-6.891074162619335031e-01 -6.832564940651036922e-01 2.414363936333234761e-01
4.620946847651782874e-01 2.810005191152786796e-01 -8.411344782903114048e-01
8.064162546625101013e-01 -5.743305484448150144e-01 1.408447561649620594e-01
5.800941685856164654e-01 7.855568471386532581e-01 -2.153861543519942356e-01
-5.314400580858338330e-01 -7.200366776178247497e-01 4.462271255166032624e-01
4.140830220086434976e-01 5.686294028044577287e-01 7.107713086151092874e-01
-4.618721418713269133e-01 8.862033123776110743e-01 -3.630170373609451634e-02
-5.099086552231341107e-01 3.149212126227398517e-02 8.596519118962843153e-01
6.805824485845060057e-01 3.848628605510850953e-01 -6.234485618294057785e-01
-5.368401914580124279e-01 -7.336375969164276034e-01 -4.166275137650103932e-01
-3.302522851264326209e-01 -6.311731012986243616e-01 -7.018218750978383325e-01
-3.716212038172880816e-01 9.897930274884547686e-02 9.230930497521591116e-01
2.423126810006648035e-01 3.706781253054677178e-02 9.694898358933270455e-01
7.574206881424954130e-01 3.358134790446614115e-01 -5.599492909770217297e-01
7.405002191397689337e-01 5.906939419956879211e-01 3.205309537993937252e-01
6.034932012951140790e-01 -5.387406512727772601e-01 -5.878388100974268893e-01
7.018548311820509422e-01 -2.986239850323698652e-01 -6.467020268329159993e-01
8.590876161049673110e-01 -4.538960217606878844e-01 -2.365309055597290544e-01
3.216498629212353744e-01 -4.260761471726165484e-01 -8.455770115686029875e-01
-6.158389278171608749e-01 -7.876349107176284781e-01 1.933034929439502239e-02
-7.744014276155481991e-01 -5.760174782107736480e-01 -2.617370697908529831e-01
-3.648611174360741338e-01 9.238961237412132155e-01 -1.152923133572232028e-01
-4.480087629936256310e-01 -7.751412966107704694e-01 -4.454706708297359596e-01
-4.806419494942706927e-01 8.231908988371836600e-01 -3.022251817072438840e-01
-2.168665013922774776e-01 3.955217525144352209e-01 8.924861141002605747e-01
7.017104147897710309e-01 -5.830946365079572313e-01 4.093936231198777587e-01
-2.865633802872519786e-01 -6.607394378636940457e-01 6.937613597844098923e-01
3.205278595694880522e-02 -1.439951266770148064e-01 -9.890591602152363215e-01
9.563272185715322449e-01 -1.182197045893774584e-01 2.673244329761816918e-01
1.839930494309272579e-01 -6.345581813122438408e-01 -7.506546957761643935e-01
-5.664091030269775562e-01 5.779277133216994544e-01 5.875204559697698725e-01
1.727583698674916013e-01 8.289046024217322506e-01 -5.320448343183091788e-01
3.800767462970240929e-01 -5.804952316980381832e-01 -7.201159301807651403e-01
5.066407584830396882e-01 -6.988388434793468829e-01 5.049152529763576425e-01
9.175392800595408849e-01 -9.326360724122208234e-02 3.865534492307300396e-01
-7.968975914352820489e-01 -1.184809391795834249e-01 5.923820522397432731e-01
7.722208689546603555e-01 -5.519731169494548340e-01 3.146436201737017324e-01
-7.740058034223273875e-01 -3.933966161308529719e-01 4.961392130091630270e-01
-2.488486332958116942e-01 5.901971977923323731e-01 -7.679463688467346172e-01
8.953121015050569120e-01 4.307461126145795127e-01 1.134637711607824478e-01
-2.253128465924192081e-01 -6.080878118490632422e-01 7.612248907130133579e-01
-2.188415372213345367e-01 3.371232953943197885e-01 9.156725753723748973e-01
5.678954691636474150e-01 -4.848997585289677725e-01 6.651067284894579545e-01
-9.049850793856536457e-01 -1.288040852765138522e-01 -4.054768966358290316e-01
-6.787048927596828207e-01 -7.054714275184961192e-01 2.041316572682510266e-01
6.829680829221926874e-01 -8.724224930895595198e-02 -7.252195444450589834e-01
-6.937770690999178758e-01 -7.154914063004425007e-01 -8.213054183032586497e-02
-7.910493569110832457e-01 3.036414509864123201e-01 -5.310770039960569511e-01
3.171761038229766183e-01 9.046856601160313538e-01 2.845051415073144851e-01
4.596057484058941323e-01 -6.864428315263237934e-01 5.635235532596495345e-01
8.105623625066378513e-02 8.311234565535240426e-01 -5.501487858128916164e-01
9.555559696774859613e-02 1.281012268034612822e-01 9.871470020111418053e-01
-7.838796401446508355e-01 3.523399896147733634e-01 -5.112623998349127286e-01
-2.472266203553851599e-02 -7.696119349496646223e-01 -6.380331179217184623e-01
2.302227535271016493e-02 4.782309319033976047e-01 -8.779323155052397576e-01
8.001374025652494559e-01 5.814384102140784938e-01 -1.473414814092112446e-01
-2.458614551362120759e-01 5.291251450308644966e-01 -8.121445227140124956e-01
-1.349770131997049261e-01 2.934645828670128798e-01 -9.463930179953659039e-01
-2.381655556275422692e-01 5.288296834633573473e-01 8.146264996921406265e-01
-9.548087681467003485e-01 1.124324823690257963e-01 2.751347909271368852e-01
4.254935123320791601e-01 5.404265797884488798e-01 7.258749085217576225e-01
6.569691128990494400e-03 5.508674173603349544e-01 -8.345669102290266261e-01
9.753608698626161644e-01 5.037700000975966347e-02 2.147867114391799614e-01
2.080252002177954140e-01 -9.410030841759171594e-01 -2.669058104383599805e-01
4.742821476226710131e-01 -2.184440182788980334e-01 -8.528415182931675664e-01
-3.138198525259206506e-01 -7.408038416979076946e-01 -5.939080469956865560e-01
3.040364417907654923e-02 9.789233461771529310e-01 -2.019522238797038238e-01
-7.985659031241497674e-01 -4.676593747547957980e-01 -3.789290270901195523e-01
2.980868137640870219e-01 5.695227851031076094e-01 7.660209192367882780e-01
-7.788326344518224920e-01 6.271343215613769395e-01 1.105758710502493213e-02
-5.514603319714374008e-01 7.541457286011038486e-01 3.565890103391608501e-01
1.443741260019502370e-01 -5.920678294661059216e-01 -7.928504253971659921e-01
-7.335019148405067524e-01 -6.369705176493324350e-01 -2.371571221170715171e-01
9.352491218277151352e-01 -3.013494535815697817e-01 -1.857352603750212772e-01
2.316144106189025817e-02 4.488439866689135638e-01 -8.933099256579950520e-01
4.192323838826540472e-01 -6.346675154078497139e-01 6.491851455402330995e-01
8.632248206476609287e-01 -4.498980857989395843e-01 -2.289860725290154830e-01
7.472174261174617804e-01 -1.205776658824950220e-01 6.535496496799036992e-01
7.659578437626112235e-01 5.198429544110718670e-01 -3.782484425978507314e-01
1.453519661221844839e-01 8.625970157375031366e-01 -4.845608263006505601e-01
-9.897319192442792790e-01 1.095557896129985692e-01 -9.180553900123912536e-02
8.448128955102471860e-01 -5.275076545567733977e-01 -8.959266690753132922e-02
5.542760303131474275e-01 -8.155434017543541358e-01 -1.663341278127703771e-01
3.960545247259589230e-01 8.350804322345377617e-01 -3.818134166619507330e-01
1.208222415458515692e-01 3.812747106691240506e-01 -9.165323676510346296e-01
-3.499046983441178038e-01 9.357198461525678690e-01 -4.466622429673932498e-02
2.141460839531284521e-01 -5.226372056252593934e-01 8.252222767374618462e-01
-8.371429849892679798e-01 -3.392861502317608968e-01 -4.290414093583150845e-01
2.731434198435517269e-01 7.672968399837621911e-01 -5.802139532509555941e-01
-6.256709853686227563e-01 -6.809067934571758629e-01 -3.806596336515383205e-01
2.136572354049317557e-01 5.308439745628917850e-01 -8.200946655291654341e-01
-9.099725647574282705e-01 4.087961742817711741e-01 -6.953861719487750004e-02
-3.235596975323885016e-01 -3.565355533238359631e-01 8.764653566164583021e-01
9.404369634608203965e-01 2.477616258757245338e-01 2.327928145368946822e-01
-5.927630257958115267e-01 3.859007964090698795e-01 7.069035086772731402e-01
8.797401139753755483e-01 4.401764080619880448e-01 -1.797277431234234335e-01
-3.269300667198297150e-01 6.326574028298236341e-01 -7.020408407772228410e-01
9.131725325203335908e-01 -3.458811118663432382e-01 -2.155972687779287855e-01
-1.225689066136503441e-01 3.626013974849677801e-01 -9.238490621705921502e-01
9.115237779329306012e-01 9.756156178357774933e-02 -3.995073765592155324e-01
-9.757306543598543991e-01 -1.557309706237597347e-01 -1.539401017638747093e-01
9.857534382800067219e-01 -1.383211308665448780e-01 -9.569442865154287325e-02
-5.909017553566328074e-01 7.687286974451629229e-01 -2.447270014540958161e-01
8.867975559107318939e-02 4.801593420901791726e-02 -9.949021916803393317e-01
-1.562272348593204130e-01 9.764162411760778371e-01 -1.490113252601642513e-01
-5.854910137732526332e-01 -7.690004209363158205e-01 2.565903844467636863e-01
-9.447753307140935863e-01 4.355755776451865346e-02 -3.248111969062422166e-01
-1.964286919926517549e-01 -1.179447165399840763e-01 9.733985888639652417e-01
8.917573171232520135e-01 1.689725355922217509e-01 4.197822883027283458e-01
3.588940395010184470e-01 -8.690263482879450052e-01 3.405705130981844242e-01
-1.426208998737019396e-01 -3.701915751784928266e-01 -9.179419788777948286e-01
8.344065994058965652e-01 -3.081316326603802946e-01 -4.569688433820582318e-01
5.238783908632850261e-01 -1.620581792979026436e-01 8.362347625572282839e-01
-6.221476857102682390e-01 -7.828842636670152455e-01 -4.948420749359750716e-03
-6.216935903740458125e-01 -1.944730429864949539e-01 -7.587340214063166277e-01
-7.272503512382951785e-01 6.674131386116960440e-01 1.602080804212489551e-01
8.972448779816080133e-01 2.768182615943318714e-01 -3.439815096537331418e-01
3.753431575932380526e-01 -8.899941023290157682e-01 2.588976860991756279e-01
6.703999112904046598e-01 4.246505238073425836e-01 6.084701238121451583e-01
-7.054945500796551139e-01 2.975435606286807033e-01 -6.432303392536079523e-01
8.301306917530648644e-01 1.951203655185013153e-01 -5.223131987318569980e-01
-1.794771577125551520e-01 -8.263122818630814770e-01 -5.338501313118222402e-01
7.651861412698639509e-01 2.793477399385727034e-01 -5.800474199578404821e-01
3.875655784636253820e-01 9.195119991018575467e-01 -6.550271672122483235e-02
5.508719723202799845e-02 7.919688126108376247e-01 -6.080713778438344708e-01
-6.810671824977811983e-01 -4.994715383051615554e-01 5.354210262472044457e-01
3.541818882862535212e-01 -1.855969248381437176e-01 -9.165745858906454435e-01
-7.119862012285598230e-01 6.797513944856934387e-01 1.761070440240256052e-01
-4.435718615757590078e-01 -6.548112530742803417e-01 -6.119364562317779477e-01
-6.580091713401419184e-01 2.765366266155590558e-01 7.003937639445019236e-01
-3.742553787600194637e-01 8.933549332221877304e-01 -2.486963505095619309e-01
-6.830826070971077746e-01 -6.082739103767390576e-01 -4.042288978244990560e-01
1.726478023390054517e-02 -7.007931907096583979e-01 -7.131555448977812128e-01
-2.401706869784898390e-01 -5.965763177068803547e-01 -7.657772119014639722e-01
-3.620091038181593168e-01 -9.319204413075788951e-01 2.176464623788935265e-02
5.515709047088380723e-01 5.888543317446773978e-02 -8.320468994224599069e-01
5.112168430164429900e-01 -8.346173855338611114e-01 2.051125524704027203e-01
3.263918502279834488e-01 6.731397482825788314e-01 6.635896619047196854e-01
4.834575933537583747e-01 -3.541434141347471476e-01 8.005318217619940002e-01
-4.187811423125289978e-01 -8.725695668573750785e-01 -2.514850012182562877e-01
5.238454364055976642e-01 -7.391358742165742290e-01 -4.233959355061517327e-01
-5.255698553748194835e-01 2.457720114828895741e-02 -8.503953717565777559e-01
-8.608041167372446623e-01 2.540961821730423897e-02 5.083017055944855089e-01
-4.772968347537859812e-01 -8.781632724569415904e-01 3.189041300661264039e-02
-9.037027717961445550e-01 4.056659819531570621e-01 -1.369540482568741557e-01
-1.374146914063063551e-01 9.482760343386654744e-01 -2.861638783715442225e-01
-2.043187640126954002e-02 -4.558692500195217212e-01 -8.898122078918461186e-01
5.687064858820493063e-01 7.740349171568214892e-01 2.782856085709844440e-01
4.276882981525743088e-01 -3.504551559845722059e-02 -9.032466614717118425e-01
-2.123247102901879568e-01 -1.151463909690474685e-01 -9.703914292938653485e-01
-8.411962256056222664e-02 5.816031568367917570e-01 8.091116468434668141e-01
-6.099204508463910157e-01 7.034763382177767754e-01 3.648535119839785290e-01
9.913494479287777716e-01 -8.919733638490989769e-02 -9.628139629827182910e-02
-8.413229237599939569e-01 -1.855048380220998272e-01 -5.077043362295912132e-01
6.426441483556094569e-01 6.438396347208327208e-01 -4.153059394552862660e-01
-8.691333454097237565e-01 4.939752045207611575e-01 2.440748277832078400e-02
-5.800220051305458036e-01 4.353609447522913678e-01 -6.885022304602458343e-01
-9.568289665410621980e-01 2.386335977023393284e-01 1.659287040737702779e-01
5.989279940621112797e-01 5.202021323042701484e-01 6.088308463562157602e-01
7.505725585533042921e-01 2.734703754143186227e-01 6.015436709977907137e-01
-4.041786107890310738e-03 -7.922833904955217665e-01 -6.101398963434359057e-01
-1.126236043292867389e-01 -8.802651093307207741e-01 4.609221854530919371e-01
4.866975946534958797e-01 7.464452286381891011e-02 -8.703755778771221641e-01
3.969320042022985162e-01 8.782032041427274560e-01 2.668409943644216020e-01
-9.940634877113776469e-01 -1.083842747265531814e-01 9.520052052948637863e-03
7.183851138043965134e-01 2.275587738989244546e-01 6.573734347278283874e-01
9.628269403763105583e-01 1.786881466828088849e-01 2.025705534391803453e-01
-8.888137798717933302e-01 -2.946001563993442263e-01 -3.510282218846476621e-01
4.960870114230701566e-01 -7.410433109142089414e-01 4.524958435683512081e-01
-3.244610484618412061e-01 -1.882053728961407754e-02 9.457118035676477241e-01
-7.187062388975885840e-02 -5.330082929299269079e-01 -8.430520583508601673e-01
7.191015523072800952e-02 -5.274078952901803952e-01 -8.465635484476488060e-01
-6.952116351679855644e-01 7.146284301662023664e-01 -7.737563650946546745e-02
-8.021700826330221412e-01 -2.987321333083072239e-01 -5.169934922778022246e-01
-1.910353616669548116e-02 -9.299147000412482100e-01 -3.672787845126956885e-01
9.597261694442266178e-01 -1.746552905731220406e-01 -2.200481973539658853e-01
-5.800673701522751635e-01 5.105278699828850186e-01 6.347307618631398141e-01
-8.708996117493005007e-02 9.906843572836414591e-01 1.046892682945463893e-01
-1.203654095239058558e-01 6.085629814460494780e-01 -7.843234446346977196e-01
3.861521005971360054e-01 -3.955121546169543256e-02 9.215868144455636735e-01
-4.552934683944433458e-01 7.197252941413069260e-01 5.241215113030254225e-01
6.985313355618492925e-02 8.243326294107302665e-01 -5.617795437902429745e-01
1.062473266065311756e-01 -9.800978428906671480e-01 -1.676893674328406025e-01
5.640136483224534843e-04 5.539446730123720464e-01 -8.325532902642452937e-01
6.000431473386989012e-01 -7.173969340521758609e-01 3.539630776569871462e-01
-3.495101269870656835e-01 1.239377173289671896e-01 -9.286991511554052448e-01
-7.636819920952964136e-02 9.839251866985680994e-01 -1.614283900981531017e-01
-6.384723540525005792e-01 -4.687588427248587375e-01 -6.104246067106973150e-01
8.275674698203422386e-01 8.265210940682922447e-02 -5.552483333660337417e-01
4.291273107434024903e-01 -9.032273783003033074e-01 5.482176839167671178e-03
-4.797123211449990654e-01 8.601642910378978213e-01 1.731862620560531141e-01
6.808345811336790065e-01 -1.786119676616121921e-01 -7.103253044490076551e-01
7.210750405378538730e-01 -1.442568407623184001e-01 6.776730404897388649e-01
-9.459337624017047919e-01 -2.683968401912095736e-01 -1.821330648836985699e-01
-4.873776873040941426e-02 2.937122518063980392e-01 -9.546505868840160502e-01
2.924856701163650596e-01 -6.464246066014925907e-01 -7.046895492035385455e-01
-6.912637950842023815e-02 5.230692495658632035e-01 -8.494822563271481330e-01
2.761770340733618601e-01 9.605280461038091522e-01 3.334844071976560825e-02
5.256347418096265489e-01 -5.726896073556088096e-01 6.290745041961293138e-01
3.274394941319133667e-01 -9.448322804803913622e-01 -8.679829771364734256e-03
-9.834740810376025877e-01 -1.697590180903403023e-01 -6.293335923218004724e-02
1.487246454714749588e-01 7.908553025858099383e-01 -5.936571992331021175e-01
-3.071183665290090348e-01 -6.300767514151610349e-02 9.495832463843358884e-01
7.282196269109786346e-01 -6.851817057367811659e-01 1.490654571890881290e-02
-9.462013125427730376e-02 -3.139948235662074483e-01 9.446979842971242602e-01
1.129903419942534931e-01 -9.120992753737731107e-01 -3.940914798351516923e-01
6.777113904339777672e-01 -7.349608506698264154e-01 -2.323401081883240404e-02
7.585998532020371554e-01 4.200139781418661955e-01 -4.981109523864054589e-01
3.566894007166933611e-01 9.034429030500017443e-01 2.378310163644582753e-01
5.654282726017552108e-01 -5.894219250283142530e-01 -5.769511789038231919e-01
7.428880128145923245e-02 -4.925462243964653375e-01 8.671097916855458054e-01
-6.563019094946338505e-01 -4.477209888436931712e-02 -7.531688142476332670e-01
8.084267138151411958e-01 5.842239812690853684e-01 -7.161416131011444364e-02
3.384227295598958851e-01 5.670474699378236227e-01 -7.509508791887405943e-01
-2.602503203123446851e-01 7.035796495889230506e-01 -6.612453761363100702e-01
-8.598556885407786510e-01 4.811399874055312109e-01 -1.707410536557302239e-01
-9.515986913396046187e-01 2.058722725018200805e-01 -2.282028441007871999e-01
-3.078258184523538499e-01 2.400810533560498727e-01 9.206543071715832527e-01
-5.269716490779907669e-01 -6.518555888726798031e-01 -5.453303332141672399e-01
-5.933125609869561723e-01 -6.987639065408629557e-01 3.996363445569627859e-01
5.992696072411829444e-01 6.582500485582201133e-01 -4.556125672214266786e-01
6.317457372996141407e-01 4.943551430339421238e-01 -5.970848482080729491e-01
4.928493627766846186e-01 7.104062864645924735e-01 -5.024165739326312830e-01
8.691537534723738911e-01 1.168770438610406553e-01 4.805325269356781059e-01
2.330892761339602992e-01 -9.368602226411322231e-01 -2.606958238717190235e-01
3.948671771353629567e-01 -9.155979329463167504e-01 7.589688798351264254e-02
-3.408857817452242145e-01 9.206574171653463257e-01 -1.902282944842349777e-01
-3.105473608679484299e-01 -9.027474538226334388e-01 2.976699032060589611e-01
-5.498094495157423989e-01 -8.068121502646889986e-01 -2.162492159719086593e-01
-8.661617761818765082e-01 -4.941685622365787900e-01 -7.457351794363387132e-02
2.661080778035732619e-01 -7.796939572725735124e-01 -5.668013972462678796e-01
1.312377845744722438e-01 2.566223684337943789e-01 -9.575602351389777001e-01
-4.430687479170445919e-01 -3.937618619820017728e-03 8.964789901491428958e-01
5.588697987707878789e-02 -6.166367851695366831e-01 -7.852615619371661193e-01
4.830348297300650073e-01 6.959979687414151739e-01 5.312854042560091195e-01
5.293450492940327684e-02 -9.824535040952608878e-01 1.788380565730413041e-01
-6.571196279920429317e-01 -7.471357388857744475e-01 -9.990987031923609374e-02
-5.239682304265279589e-01 8.121841663719939763e-01 -2.565427321097248359e-01
3.148914939771936816e-01 5.585211572481234565e-01 -7.673965493322393305e-01
5.623426454806316199e-01 -7.464781024334014026e-01 3.557262875600747387e-01
7.370866418029891308e-03 -6.824331455095286048e-01 7.309108510880228948e-01
5.446062514468771321e-01 4.396088288496223240e-01 -7.142465320058923872e-01
-1.829499814663068658e-01 -9.775390192463309091e-01 -1.046268136397147525e-01
7.175675504522044390e-01 6.412522077944647902e-01 2.718315959132560078e-01
1.928639366376547759e-01 6.269342430475978167e-01 -7.548224671000209884e-01
-8.538909118837234580e-01 3.134311546920798275e-01 4.154891356832001170e-01
-4.384483890108448190e-01 -2.667147335363658778e-01 8.582693406433787864e-01
-4.165106339830698667e-01 -2.560807885156144992e-01 -8.723196212009920458e-01
1.551878569480195924e-01 9.853158158971228042e-01 -7.120022471079824611e-02
2.214729772391474116e-01 -9.728652875166997616e-01 -6.695410889465526483e-02
1.514958949017375378e-01 -4.591014252447072619e-01 8.753712784677141201e-01
8.659704542497046464e-01 -2.674979728001281032e-01 4.225399471226145010e-01
-4.060701912928778023e-01 -4.451517986956189943e-01 -7.980895161956588213e-01
4.182174895500949674e-01 -6.252362676821279219e-01 -6.589186148602409476e-01
5.136252958943523517e-01 7.355480711437822894e-01 -4.417670092414104355e-01
6.696428505504447015e-01 -6.686220196547472128e-01 3.233002436427810933e-01
4.302200936787580754e-01 3.482348281552611891e-01 8.328524331805222669e-01
6.550584281405383846e-01 6.819742158483269590e-01 3.252839138969322308e-01
3.038873625593294658e-01 -2.721795705940682070e-02 9.523190923688586995e-01
4.771128191980640310e-01 -2.238157640285885486e-01 8.498646136468881451e-01
3.781868190656583750e-01 -4.314828026403595418e-01 8.190221736379421635e-01
3.204653989454243901e-02 3.187533693682276237e-01 9.472957873849062738e-01
-6.639413240427317620e-01 7.243033106124635578e-02 7.442686110341767414e-01
-3.889922433653828504e-01 -6.115246721796342433e-01 6.890011682988335107e-01
4.130404669793057426e-01 1.882474755138162648e-01 8.910445895690024543e-01
-3.401751581486421872e-01 3.822523300397341894e-01 8.591647210853925465e-01
-3.442514567313834650e-01 2.277017059535420621e-02 9.386013285039495058e-01
9.797297437006588505e-02 -6.966100431324078190e-01 7.107290229758085331e-01
7.335961990244190822e-01 6.643997365213718531e-01 -1.428621954446193942e-01
-3.345329806869168365e-01 7.957488042489617719e-01 -5.048480220512649996e-01
9.843569550797919288e-01 -1.533311489835186836e-01 -8.678101023515737145e-02
2.970209861055462808e-01 -6.096568855570160261e-01 7.349129306971053932e-01
-2.980213164455295938e-01 8.335155538574101630e-01 -4.652258767758391533e-01
-8.066435903152172626e-01 -3.071318886956397320e-01 -5.049714062693305694e-01
-5.235463470154363419e-01 5.012951821619889836e-01 -6.889139009106804989e-01
4.258773980934609793e-01 -8.927793098148585349e-01 1.468793578405374334e-01
2.922130278326486377e-02 -7.304183440623797097e-01 -6.823746464522401078e-01
8.248185217106031031e-01 -5.275811116234780940e-01 2.033041487556770943e-01
-5.579269585769377482e-01 8.296775654783801190e-01 -1.877887736144552219e-02
-7.439177036239610352e-01 6.394835755968495405e-01 1.940288812953390452e-01
-6.647020299392526477e-01 7.436531919910860378e-01 -7.177145279361409058e-02
4.465255999841332146e-01 8.945014263064252624e-01 -2.195647728076354985e-02
-3.120520935792967521e-01 8.319605166400991791e-01 4.587648522333822032e-01
-6.775388541945941423e-01 6.171279317171630696e-01 -4.001177538565031111e-01
2.297985781460983035e-01 6.021371915910924688e-01 7.646067067354455071e-01
4.618977652078590790e-01 -5.167046684561166225e-01 7.208791438872678148e-01
7.487057074485610197e-01 -3.878806150094014082e-01 5.375764058567660264e-01
9.923612121581878998e-02 7.561428846981202434e-02 -9.921868128660265018e-01
4.188070280457384942e-01 -8.214847385639749699e-01 3.869928908468137085e-01
2.849417869777981505e-01 -1.464158559174858487e-01 -9.472964557992652468e-01
1.413965524909539528e-01 1.723896501552443783e-01 9.748275865316007316e-01
-7.511487817764237462e-01 2.047859806717418629e-01 -6.275653031805593640e-01
-7.593575386384923132e-01 5.028701237727888351e-01 4.129137526525734070e-01
9.494435531344059820e-01 -8.409342688377468081e-03 -3.138251461675177767e-01
-7.323626427323741694e-01 -1.882141159427806743e-01 -6.543855179402509048e-01
9.209003808555474291e-02 -8.774228495616452905e-01 -4.707956753757658319e-01
7.161375393995309535e-01 -6.979261900068991498e-01 -6.786601891882291723e-03
8.816302692171021360e-02 -6.690030824419179734e-01 -7.380123009592822747e-01
3.216526621994814095e-01 -2.875926229296237313e-01 -9.021252951427787270e-01
9.501263587761956675e-01 -1.216563108502146384e-01 -2.871578736322650260e-01
-6.667468501691240501e-01 4.622484646545037545e-01 5.846152535763208258e-01
3.221431577477035790e-01 -9.191714609530926561e-01 2.266001131634657884e-01
-8.252984274324481895e-01 -2.325233793973335572e-01 5.146021606165015472e-01
-5.436577897235891355e-01 -3.367820673200660336e-02 -8.386310190209863569e-01
-6.364947844156366996e-02 -9.372395938121126369e-01 -3.428274896869022981e-01
-4.023673554438904065e-01 8.733693140049186843e-01 -2.744568319930614231e-01
-8.818746112204018939e-01 -4.712527097541768795e-01 1.476663923208296723e-02
-8.692565178402864023e-02 -8.427180181833442418e-01 5.312911375988296214e-01
-6.861978073574748205e-01 7.263966195766775602e-01 3.847752909646995345e-02
5.082104054055958109e-01 1.646391322264144641e-01 -8.453497146017221464e-01
2.075603858499331100e-01 9.191385686772861607e-01 -3.348178277745925691e-01
-6.138060490102882349e-01 -6.624923940371848508e-01 4.293552864950643810e-01
-1.989790141010840674e-01 9.564626875343390511e-01 2.135099044586688255e-01
-7.694562158081365011e-01 -7.354295883964385994e-02 -6.344513891223920732e-01
4.189074173677563295e-01 1.177927732974391600e-01 9.003562840526934119e-01
6.719354320897751309e-01 -7.396578902810927447e-01 -3.753638830855120928e-02
9.620801703090291479e-01 1.914941877390571867e-01 1.942465494167355811e-01
9.317410592389353541e-01 2.898455100911211980e-03 3.631118250433805206e-01
-4.126195316027976290e-01 2.808491504208224243e-01 8.665269048608877922e-01
-2.177313600956090611e-02 -9.338861671079872195e-01 -3.569069310515863291e-01
6.235476668650495879e-01 4.431435088711824233e-01 -6.440591104025229496e-01
2.265231844564005725e-01 8.714810446998200177e-01 4.349805002901186435e-01
5.674045576372710453e-01 -6.338459425738424136e-01 -5.256342730978739164e-01
1.577997355609479790e-01 6.904766237970114684e-01 -7.059329114347732137e-01
9.692501412631076008e-01 -2.171576055879961831e-01 -1.157442784621952603e-01
7.820511984568154773e-01 1.263969936684099238e-01 -6.102620117489263585e-01
4.642761896501631513e-01 -8.793266362013912874e-01 1.059824824707918944e-01
1.991605795828275127e-01 9.624049550128135344e-01 1.846937088994005383e-01
4.648186787970772227e-01 1.453964120404819538e-01 -8.733862142300471421e-01
-6.979127387454243658e-01 -5.582978240816786064e-01 4.485770265211136421e-01
9.271564827101325124e-01 6.388273408287285793e-02 3.691880995572212054e-01
6.161419701710635355e-01 4.246021482343030895e-01 6.633868315760687029e-01
-1.389446072478400518e-01 -4.417985257951489997e-01 -8.862891507414364378e-01
4.235557934463147212e-01 -8.820663684964907825e-01 -2.062993247819196740e-01
-1.743500689640339330e-01 4.947903705881422920e-01 -8.513427879682105015e-01
-9.171460580516418437e-01 3.485443004495072938e-01 1.932872960763283576e-01
-9.755078098292490063e-01 -2.196575424441255531e-01 -1.162226352948706430e-02
1.926642219945499668e-01 -2.288917156490791749e-01 -9.541955145935532290e-01
-8.357424663779772223e-01 3.432851319584656613e-01 -4.285905366065777544e-01
-5.194326326483689193e-01 3.482566348841692472e-02 8.538014484074011312e-01
-9.672963381086181478e-01 -1.946028358080356124e-01 -1.626884463541551085e-01
-7.345938539828191782e-01 -6.520110349948522455e-01 1.877591008063531075e-01
2.555020639380258252e-01 9.552642482800965951e-01 -1.489594283060698132e-01
-6.652209878118880981e-01 -2.721560073242274003e-01 -6.952784658335900980e-01
7.916634756173578369e-01 -6.033057889540044405e-01 -9.639017786077280769e-02
9.238280189753935723e-01 6.656616996637511330e-02 -3.769757769035133599e-01
-3.027663664800949173e-01 -9.362072583389124958e-01 -1.784614713656077767e-01
1.712176836440567895e-01 5.384684992503658840e-01 -8.250673791410143565e-01
-4.613367951272097089e-01 6.787526752932619978e-01 -5.713695540051068056e-01
4.042016801190779218e-01 8.033605139388220184e-01 4.373018253253311283e-01
3.912728778749128278e-01 -7.020224708640796507e-01 -5.950378016910993217e-01
1.253828227862298084e-01 9.284212649561878195e-01 3.497329016940058377e-01
-3.773621238071165895e-01 -9.129720644398732210e-01 -1.551767929433347515e-01
-1.656196263590812567e-01 9.435941334494285515e-01 -2.867058609175969219e-01
-6.101364232434514090e-01 4.279152137450866200e-01 -6.667999061766466395e-01
3.441018964911231048e-01 -8.687313641903590122e-01 -3.562298439254774074e-01
-3.318785286152998726e-01 8.743388442963606622e-01 3.541020016868700049e-01
-5.191784279551856507e-01 8.444462401766116288e-01 1.317736976697801432e-01
5.542539868470838238e-01 2.986937713658496807e-01 -7.769070401350203214e-01
2.262642314449442305e-01 -8.331908980174004276e-01 -5.045764808525924350e-01
-2.403491511023203298e-01 -9.660448202520498517e-01 -9.481398013256558954e-02
7.527624892447497551e-01 -3.071761746595370046e-01 5.822297076820983630e-01
4.866705625870340057e-01 1.335945492554848069e-01 8.633100601292930110e-01
9.716872950359258798e-01 1.935294223183871287e-01 1.355365757383469039e-01
8.879899378551019407e-01 -4.499495368811059492e-01 9.496991380732403010e-02
-9.490644211420087850e-02 -4.179487765853159842e-01 9.034996333126326107e-01
5.371430118548454757e-01 7.247206913606611955e-01 4.315753750264612609e-01
-6.517070148691742060e-02 9.269906834923362648e-01 -3.693792798548861667e-01
7.474826895395304538e-01 -3.093914378192486603e-01 5.878320908583403170e-01
-8.368031750468636343e-01 -5.327286041379867276e-01 1.263355870872506781e-01
7.512575444879158182e-01 -6.475598278472868841e-02 -6.568247593868330458e-01
-2.291724759865445271e-01 9.713991523292899721e-01 -6.215837115090340481e-02
2.164878236757087626e-01 -1.668706849672612069e-01 9.619184979501704813e-01
-9.833028396390073311e-01 -7.555377389195333353e-03 1.818198059353588747e-01
-8.147508024666139104e-01 4.671450253041355416e-01 -3.434481841757319187e-01
5.793392062598015091e-01 7.026248246089903393e-01 -4.131397341498981302e-01
6.232947405988416012e-01 -5.206332336804312400e-01 -5.834763939777513064e-01
7.334297238477510694e-01 2.643074054762611577e-02 6.792512466905863411e-01
-4.061762878899794482e-01 -8.476873299427918340e-01 3.412433351882158128e-01
-3.843476419337267802e-01 -3.582666665451507693e-01 8.508359922938201203e-01
3.547243518001056972e-01 -2.719593949356756135e-01 8.945438623936873279e-01
2.128707551294098665e-01 -8.357777177935396540e-02 -9.734992540700958541e-01
1.098429788693476017e-01 7.754371462834183104e-01 6.217971953594971790e-01
-2.426042444219463634e-01 -3.377064063703928420e-01 -9.094490440287743560e-01
-8.994793993015968159e-01 5.669320527265206584e-03 4.369263885791261348e-01
-2.113955684789435852e-01 7.252400736759714306e-01 -6.552394594054418153e-01
-1.333745953696626463e-01 8.488145544176883828e-01 -5.115907246214302928e-01
-5.432774762061113316e-01 4.376677841703459637e-01 -7.164471331134889542e-01
-5.032972555966825495e-02 4.699287963636469834e-02 9.976264771890180905e-01
9.362320959487647754e-01 4.861472576320539224e-02 -3.480029754964044097e-01
3.999379557944477415e-01 -7.882264313222108187e-01 4.677058097565288119e-01
-1.328384694722627712e-01 -3.252477011165707532e-01 -9.362520354833160363e-01
6.973350900877897107e-01 2.033719162125101065e-01 6.872871567462220943e-01
-6.048991675036918814e-01 -7.740842780651949750e-01 1.867900629199167883e-01
6.247282061555095023e-01 3.190614872654635170e-01 -7.126811599710419776e-01
-2.769569444122254032e-01 2.233575486648887443e-01 -9.345620666366976081e-01
-8.286078216929479989e-01 -2.586816318418309613e-01 -4.964805043271235951e-01
5.415372236424458308e-01 7.218924964618489426e-01 -4.308232340086957657e-01
7.780656787999139512e-01 -6.261233431950190553e-01 -5.082675063312101782e-02
-9.052450445831262960e-02 4.598688539002391412e-03 9.958836107479116517e-01
3.032632409929235107e-01 -8.721152448468286744e-01 -3.839875080887708569e-01
-8.114170319627455052e-01 5.336791847232813524e-01 -2.383042761552186806e-01
-9.935306941934329839e-01 -1.002239789332389636e-01 -5.340331209114903416e-02
-1.309610160802627266e-01 -9.863131290931844708e-01 -1.001779598795886905e-01
8.887200339686292597e-03 -9.793589634645704090e-01 2.019332522189559720e-01
8.466941013988329989e-02 9.056163609392033909e-01 -4.155599809724207505e-01
-1.712732495566310700e-02 1.114458399082263740e-01 -9.936229060901389243e-01
-7.046255850611188309e-01 -5.672441778103187726e-01 -4.263060257814467180e-01
6.772035642205423978e-01 4.391633111521716648e-01 5.903650724296404251e-01
2.343303511562775943e-01 8.370582637531496228e-01 -4.943912920041553805e-01
9.533225604338053660e-01 -2.153581978218022386e-01 -2.116528818581952798e-01
3.172616740015856696e-01 9.231197218110445135e-01 -2.172441240015743624e-01
-9.656036904304146073e-01 1.535449137358533556e-01 -2.098415413901958126e-01
-5.977028901726293419e-01 2.619660995736900963e-02 8.012895810542075559e-01
-2.342525545740598847e-01 4.685702372594241494e-01 8.518026023851853479e-01
-6.735594647018470216e-01 6.644681837822620230e-01 3.237277872714414695e-01
3.372446937859388538e-01 8.275135644262144874e-01 4.488733866067909917e-01
-5.112790009213336040e-01 -6.941739239814886941e-01 -5.066718331237937134e-01
6.873244249694339392e-02 6.788516737276459878e-01 7.310514731710606728e-01
8.078406769302670654e-02 -7.704227002252240775e-01 6.323944950619376781e-01
-3.702446128446639645e-02 5.247723879715264772e-01 8.504370230000906083e-01
-8.790295728421755328e-01 4.396643595112565417e-01 1.843970201615498239e-01
-5.115719221728939337e-01 3.565518591051130004e-01 -7.817703884217016563e-01
-5.283380466789309171e-01 -2.526405580667082096e-01 8.105748928083289506e-01
-9.750084628697643918e-01 1.135890902080694126e-01 -1.909345854423506461e-01
-4.073771864009675392e-01 -3.383680682273598195e-01 -8.482634487021800673e-01
4.901599588334388802e-01 -8.603018860837094994e-01 1.400852581723484314e-01
9.094638367582067451e-01 -4.222707204336174219e-02 4.136331756710124874e-01
-6.227250633159466670e-02 -9.941786956539668818e-01 -8.792528682329563139e-02
-3.227261676388767375e-01 -7.340178065925666573e-01 -5.975497304209590466e-01
3.786512526252358013e-01 9.130348962145151681e-01 -1.516262087499696265e-01
8.007288211800370759e-01 7.562643741990891788e-02 -5.942339580458195769e-01
-7.572718314170741039e-01 -5.714601312805944744e-01 3.161845848535256298e-01
-6.591282137780574146e-01 6.701241281260387206e-01 -3.412970124467311073e-01
-2.368948750056925623e-01 2.336421454258943431e-01 -9.430228873557748859e-01
-8.654763845277360090e-01 2.176849684011852304e-01 4.511805429725150862e-01
-7.849412949288966379e-01 6.193516714811595492e-01 -1.645206822380413866e-02
-9.365707315158768864e-01 -2.866778055276569259e-01 2.016211811434061030e-01
9.009541826471337833e-01 -4.306635100235587932e-01 -5.301416701998874076e-02
2.743452916733809532e-01 9.355577785744354502e-01 -2.224102153353463007e-01
-8.919794424917351083e-01 -4.194371616597319941e-01 -1.686568753148274813e-01
1.552687760517617588e-01 -6.119001609390734009e-01 7.755448408867948729e-01
-3.406496899428754777e-01 1.757698483780887611e-01 -9.236139611022380347e-01
-3.074220337682435633e-01 7.265069793724820979e-01 6.145561830108525747e-01
6.174211323457748923e-01 3.877377319620207152e-01 -6.844345085877896473e-01
3.503849050975481050e-01 2.056854992658431192e-01 9.137416996457713436e-01
-5.565557287399275355e-01 -8.241352772662127180e-01 -1.051035944775957492e-01
-3.564524002272628223e-01 7.335445774854743028e-01 5.786657404874425703e-01
-9.251078341329036503e-01 -3.762265823520535846e-01 5.127430114220567908e-02
4.876610657752321609e-01 5.238296519492198211e-01 -6.984190580630827982e-01
9.347173961748470594e-01 3.519141171248040267e-01 4.959680893347793301e-02
6.667262119952824806e-01 -4.829664761349364843e-01 -5.676438506389579475e-01
4.177325608600086504e-01 3.668087021701629813e-01 8.312345539073672240e-01
7.585362498300947109e-01 8.254828347946682743e-02 -6.463811093993153678e-01
5.690595964814001428e-01 2.590340680961528141e-01 -7.804309881200155452e-01
-7.216732149901282645e-01 5.675509156382096965e-01 3.963252817119312654e-01
3.340826847383027709e-01 9.207918932712806370e-01 -2.013232451654268229e-01
5.886077540818617226e-01 -9.673232533456524451e-02 -8.026105961610988659e-01
1.765300482286430162e-01 -6.537891873435635048e-01 7.357967386344110849e-01
-9.529609789914387230e-01 9.711947546984993351e-02 -2.871117900820863711e-01
6.326373981181133699e-01 1.154475595362079721e-01 -7.657948703794492662e-01
5.463488446042227276e-01 -8.372818930310689245e-01 -2.149352465140195317e-02
6.345820459356275867e-02 2.023085424472974292e-01 9.772636849502858158e-01
-3.710101328042674784e-01 -6.227296745642844078e-01 6.888825979610895267e-01
-3.132783624136824541e-01 -9.199190484709686144e-01 2.358084220371894080e-01
6.112323356931071983e-01 5.160262854086280493e-01 6.000932465630001156e-01
-3.099232055545897424e-01 7.690557648591399564e-01 5.590177431850359424e-01
-5.892003060584217744e-01 5.952427467581351550e-01 -5.463781399108977865e-01
3.660893625565770915e-01 9.261570100835877506e-01 9.061882418100747349e-02
-1.286283109354688370e-01 -5.900667682945823778e-01 7.970420105491780038e-01
-4.300208386172420932e-02 9.751714441362993036e-01 -2.172359899387619753e-01
3.392607967156828219e-01 -2.689393254453107396e-01 -9.014287276545280836e-01
5.737563374904460778e-01 -7.373608300514920000e-01 3.565146161033572181e-01
-8.527777373625817781e-01 -3.805586840562320550e-01 -3.576943089401124487e-01
-9.115387517645924254e-01 3.304051673218096896e-01 2.448050845846458934e-01
-8.059860117444063166e-01 -4.129954533861778243e-01 -4.240534215811627705e-01
3.189707067626497694e-01 9.354817276284645988e-01 -1.520908462090957980e-01
-4.394716955033843298e-01 -8.980029481313220874e-01 2.133855662491410121e-02
-8.412938043384034226e-02 9.908480606220214648e-01 -1.055574161743121075e-01
-8.886875793079207497e-01 -1.970481476021962441e-01 4.140125769953990065e-01
-1.838838714531146612e-01 -4.320159278243083101e-01 -8.829206985485822390e-01
-1.864567018844378032e-01 -8.958217737720003404e-01 4.034070499611587812e-01
-1.343658600940894066e-01 -8.895071131794830555e-01 4.367183431506834190e-01
9.093848061354227186e-01 -2.034868218912097015e-01 3.627842164243851864e-01
-8.188802990299199891e-01 8.237661257838574391e-02 -5.680221382664405461e-01
2.590551589534555166e-02 7.668760609553721963e-01 6.412721819787352562e-01
-3.489234711255356780e-02 8.500507484632227051e-01 -5.255437652090375611e-01
5.501025300761760439e-01 5.908594611757147508e-01 -5.901460018867650259e-01
1.221812637731773260e-01 -9.240878241626037104e-01 3.621235038177086918e-01
-7.879289625006470343e-01 -5.040132682754482341e-01 3.537493115964395196e-01
-8.287737219076672657e-02 -7.972981968226191540e-01 -5.978686532359370753e-01
-2.740195383577847532e-01 7.285891560830169977e-01 6.277508536325725474e-01
-6.198014094932678963e-01 -3.747096801093450780e-01 6.895207527134412651e-01
-9.819898496255839992e-01 -1.607854472368539234e-01 -9.921680900516632873e-02
5.115358970659907856e-01 -1.772683944735251593e-01 8.407775819642616666e-01
-3.820110903547188075e-01 4.288600466571986236e-01 -8.186248146905786838e-01
-4.351273434486280789e-01 8.892699171553726245e-01 1.409368987377561944e-01
-9.411943602136642051e-01 -4.739338363315948044e-02 -3.345251014345433371e-01
-3.190461631474422188e-01 -4.243958224253945866e-01 8.474064737118596202e-01
6.598270387845999174e-01 6.959144987507335234e-01 -2.834277497304406035e-01
-9.396840756621981372e-01 -1.552770285041310261e-01 3.047669312209044246e-01
9.542404959893312499e-01 -2.637914470032577396e-01 1.408515115359512959e-01
-7.238070149981783441e-01 -6.887832495601846627e-01 4.100048981096871686e-02
-4.666205160637947880e-01 2.743394909226408163e-01 -8.408347862146667850e-01
8.785512339972536555e-01 1.246404315831478810e-03 4.776464966041144011e-01
-8.370584409872454668e-01 -5.463492487933436781e-01 -2.890786597020096951e-02
1.827181297311298580e-01 -9.730891634323078909e-01 -1.403978813165258632e-01
-4.931678032735428707e-01 7.063805386778108097e-01 -5.077519595152675258e-01
5.292029212375475300e-01 -6.351707147304774814e-01 5.625854879948649634e-01
1.809275721121730574e-01 2.530814135975185675e-01 -9.503762474625910839e-01
-5.487344757996756028e-01 1.555259987512563717e-02 -8.358520154345381314e-01
-8.968809445753508358e-01 -4.335058394970537909e-01 -8.761996564471441484e-02
-3.139378409223618216e-01 -5.237874225948332407e-01 7.918899973913469115e-01
-7.523651499713732704e-01 5.237316713440143268e-01 3.995645348873675951e-01
-3.271589507256523199e-01 9.223389787205087398e-01 2.055670919502898264e-01
-6.741740419477604274e-01 -5.944065758792282939e-01 4.383721976988852465e-01
9.360818985550774241e-02 -9.003413595387783908e-02 -9.915298085055304078e-01
9.794133900893675637e-01 -1.742059618221416528e-01 1.019886963308921785e-01
-1.553620291873641923e-01 -6.063235779080854426e-01 -7.798938124895735680e-01
-4.408258704270117678e-01 -2.841073397637707276e-01 8.514432285564438319e-01
-5.600560076784131258e-01 -2.164965178297925397e-01 7.996665092592609714e-01
4.177635251326513033e-01 3.914212697525172313e-01 8.199164754132385324e-01
9.070877354353095168e-01 6.355801371271982414e-02 -4.161156319050458574e-01
-7.198297808376777907e-01 6.351969432538223659e-01 -2.799462982433967850e-01
-5.961656048261598784e-01 -8.023169870745452403e-01 2.956389476849959411e-02
4.698872661868208622e-01 -8.821963132644594641e-01 3.058793778716331624e-02
6.079714721118236742e-01 -2.756414051989240499e-01 7.445753855978216595e-01
1.361991038979272206e-01 1.775668408965173084e-01 9.746383027110275821e-01
4.771443197800519231e-02 9.111995388312156274e-01 -4.091927827012550867e-01
1.873776677067320595e-01 -5.950180002040429406e-01 7.815645776760659080e-01
-3.799822802431659236e-02 -8.877379477631611726e-01 -4.587782370255402142e-01
-8.714070739808914556e-01 3.973031153461361598e-01 2.877497974844051565e-01
1.270693439223417875e-01 -9.837134504982184557e-01 -1.271268230706441571e-01
-9.495232372430250090e-01 -3.001902444583765539e-01 9.105733944908590838e-02
-1.479718431369854703e-01 5.788258742663295875e-01 8.019133001256822935e-01
2.209542080462797431e-01 9.394122595141534138e-01 -2.620760283222295373e-01
-7.598941147408742047e-01 5.414455018765467198e-01 3.597189220486432526e-01
-2.505184688449556552e-01 8.013496239857877124e-02 -9.647895545500881909e-01
-7.028590523267852497e-01 4.537344105049277987e-01 5.478268314769177971e-01
7.810311417361569530e-01 -3.494257923065051119e-01 5.175828158945062762e-01
4.006199345088363173e-01 7.292476260609502825e-01 5.547085432536660310e-01
-4.937224690047419262e-01 4.274243505093905937e-01 -7.573285602639632241e-01
-7.410231352372569080e-02 -3.788138140915773278e-01 9.225014587434663405e-01
5.795697430220323465e-01 3.515742275804156214e-01 -7.351832937945540491e-01
-8.313579546863377745e-01 -5.296494669190915383e-01 -1.682717842422530308e-01
7.551944593035826436e-01 -4.639417145637187989e-01 4.630760349282245780e-01
-3.442919947584692220e-01 7.248533496288186995e-02 -9.360603071173101419e-01
-5.599672704566347470e-01 6.420327379218029318e-01 5.236703347087550142e-01
2.254449416186490585e-01 8.508526622166786568e-01 4.745780499531711549e-01
4.669371716387993865e-01 -5.195404575326091345e-01 7.155748673121252734e-01
6.588268136759477533e-01 7.226507125844003898e-01 -2.091008780059435690e-01
7.779010395798013899e-02 9.824664893751450245e-01 -1.694352294568189088e-01
1.261280558523889261e-01 5.026752344212483126e-02 -9.907395669972467456e-01
9.133697966073123231e-01 -3.279512044887046285e-01 2.412542686045677232e-01
-7.749342423826732773e-01 3.084943635107309512e-01 5.516413215712735463e-01
6.768130962383288596e-01 7.338660860233957584e-01 -5.800517688093521224e-02
2.777664019828894326e-01 9.343301773645079633e-01 -2.233225147527380661e-01
-3.487547403201640694e-01 -8.041936042774548987e-01 4.812928193350189399e-01
-9.331173435405436534e-01 -3.524514651177220181e-01 7.120384765032092278e-02
-3.321582933961543527e-02 -9.455248590924658636e-01 3.238509680693480997e-01
-9.582732536621587638e-01 -2.706099789950194845e-01 9.210108894065850704e-02
3.610652313856280160e-01 6.284303949412094470e-01 6.889899399835084370e-01
-2.453414017443228123e-01 -7.233660134766728422e-01 -6.454062341944000192e-01
7.219226588760305763e-01 -8.086530230464852864e-02 -6.872324770298184893e-01
-1.194306648286911840e-02 9.264487193877125604e-01 3.762314892560873480e-01
5.298140614040939278e-01 7.416261561277777137e-01 4.114458711490930898e-01
7.828263264259419651e-01 5.450955050910271105e-01 -3.000897082274273098e-01
8.074419604082405666e-01 -1.508174638470692608e-01 -5.703433818068157635e-01
5.217768915804865681e-01 7.031076140529427532e-01 -4.831030516084360293e-01
7.609763497085590689e-02 -5.836417508371889440e-01 8.084376640357269217e-01
-6.287989199518760897e-01 -6.050713792562338877e-01 -4.883651751223798132e-01
2.994310460581856015e-01 -2.170896882887059579e-02 -9.538709395557074533e-01
9.626230882184650950e-01 -1.849386001203924546e-01 -1.978749711667817102e-01
-4.730388462646589742e-02 6.647317524495190977e-01 -7.455830200484967474e-01
-1.134022216291301066e-01 -6.307570804887840943e-01 -7.676492959306634445e-01
-6.311943302698305169e-01 -7.450253767332224442e-01 -2.157102349420162157e-01
-9.419083771133675009e-01 -1.911011025971057209e-01 -2.762045939332520850e-01
-9.251536018651336235e-01 3.500500194494938766e-01 1.468189253447206299e-01
8.747549298658593431e-01 -3.496920666103266462e-01 3.354389232411381649e-01
6.299051713972646516e-01 2.332892750009495780e-02 7.763216061586063477e-01
-6.063558163383448996e-01 -7.600419936533657772e-01 -2.338135836004324453e-01
5.843864577365766033e-01 8.068759987238827147e-01 -8.627624642642510444e-02
1.902598116279954066e-01 -9.803546320000807723e-01 -5.201922332432290519e-02
3.436583758513964137e-01 -9.049762249396103853e-01 -2.508325198239492737e-01
-9.160445718522225445e-01 1.963817646858257715e-01 -3.497092290445865670e-01
-1.120130445420795540e-01 -3.081895722986648654e-05 9.937067358645639281e-01
-7.058027249542910830e-01 -6.235269940471104277e-01 -3.362389048603268149e-01
2.633459667955068140e-01 6.570413355501711905e-01 -7.063608038042507031e-01
-7.250904371156747796e-01 2.371718196057140127e-01 6.465240799756141188e-01
1.732770952970657807e-01 -9.762481078421807457e-01 1.300564499745139879e-01
-8.942265525778784196e-01 2.795370575110103784e-01 3.495967765051173903e-01
8.283735091754348412e-01 -2.989993267305677271e-01 -4.737053218099233076e-01
-5.068184181314975278e-01 6.801219936908845520e-01 5.296877993125979067e-01
-2.924495120744365351e-01 7.708805296425487175e-01 -5.658767462137381798e-01
8.588023159462282452e-01 -4.891019784058951991e-01 1.524396170450251775e-01
-9.126919453879309696e-01 1.132017217775029977e-01 3.926560619812241026e-01
7.772663728779043435e-01 -6.058326129332876064e-01 1.697758248386735946e-01
-5.090897707117052473e-01 -4.823940246978095647e-01 -7.128278966851343545e-01
-9.970631186431527793e-01 -7.599145678615314148e-02 9.509781128314858875e-03
9.014900007206424482e-01 -2.745915849992034419e-01 3.345373522468327865e-01
3.976125937223747298e-01 -8.533452142769640814e-01 -3.372034557710937852e-01
3.170052951528456453e-01 8.525812015111183806e-01 4.154671318827943827e-01
5.905542549406769259e-01 7.317518882096175625e-01 -3.402717238812555389e-01
6.046643087956569129e-01 5.117394111327159267e-01 -6.103309338073991119e-01
5.376656848262957311e-01 -2.049167830722914141e-01 8.178781837019336587e-01
1.175843736172179355e-01 5.757517875735204127e-01 -8.091253266255743481e-01
8.555184845443171149e-01 -4.502828059332917437e-02 -5.158106014321568455e-01
5.205435178028535725e-01 6.451815945248918771e-01 5.592630473755156872e-01
-2.846555921743801898e-01 -9.583335114730360260e-01 2.383431626065996706e-02
-6.743571894562717661e-01 5.200299838915665163e-01 5.242243764671526973e-01
9.838709557465326327e-02 4.603799296085590020e-01 8.822529681661617218e-01
9.476455683870496083e-01 3.120639500202457284e-01 6.770500582783639532e-02
-6.491902724553272330e-01 5.177822576697802548e-01 5.571835638205446806e-01
-3.296990875751824590e-01 -3.125494368178928783e-01 -8.908486746899891839e-01
1.147651730710072954e-01 -2.823620615193779271e-01 -9.524183016219862630e-01
8.344703524315962850e-01 4.145275792362663747e-01 -3.630786649821335921e-01
7.624295909984533104e-01 5.101472676265450534e-01 3.980588952694077975e-01
-8.786064161355167101e-01 -4.022354263775646532e-01 -2.574051811684487379e-01
-4.552936605684445581e-01 -5.945610729226413760e-01 6.627252924185582650e-01
2.212187042059715891e-01 4.854706443087935391e-02 -9.740151269074700524e-01
-1.386955521844216443e-01 8.974874939083592462e-01 -4.186642354946877309e-01
8.472379991551938216e-01 2.944019116653806382e-03 5.312053327470881436e-01
-7.662078495293224156e-01 -5.811623439012201242e-01 2.741821681854807458e-01
4.957124056344551499e-02 -6.141257197795754047e-02 9.968807291306484020e-01
1.220800230981565898e-01 -7.215956975758598402e-01 6.814661526446942341e-01
9.413977475547942453e-02 9.708760209920295203e-01 2.203121754957538259e-01
-4.998968837777304497e-01 -6.278997248892850269e-01 -5.965274855974990187e-01
-7.441222624403714958e-01 1.199983030404785794e-01 -6.571776516346460317e-01
7.709228708283388798e-02 6.441126363625211404e-01 -7.610359327590652256e-01
2.041894017894028968e-01 -9.169850635443541620e-01 -3.427026136950849788e-01
-4.357396405196550249e-01 8.899123194705748086e-01 -1.348592945788435471e-01
5.024619659732351140e-01 7.895448538810806438e-01 3.523505306654363123e-01
-2.898347735638364675e-01 -9.424735660762242340e-01 -1.665514373422362082e-01
5.282730171742098246e-01 -5.357383284356428410e-01 6.587200184984818296e-01
9.143395399873974760e-01 3.970663372901377386e-01 -7.950804617539627972e-02
6.967675626583192949e-01 4.721987521791388143e-01 5.399474993623448738e-01
-1.066812407428224113e-01 -5.589813354516098842e-01 -8.222888662084065770e-01
2.790380021346362538e-01 2.231869075761145627e-01 9.339836174426838777e-01
3.230821135915077913e-01 -1.693672491427852811e-01 -9.310921988691827078e-01
1.448302028489566740e-01 -9.653307221130081883e-01 2.171653961558061563e-01
-6.269899494826532971e-01 7.600748051583934295e-01 1.707919606163307291e-01
-5.463989298584609466e-01 -2.663647153715216764e-01 -7.940390719949346199e-01
-2.429163231700784686e-01 5.316171167059536851e-01 8.114030448320849187e-01
9.957548225132895059e-01 -4.611510683724152904e-02 -7.966009266199154670e-02
4.945857681722705679e-01 -6.211532373984634398e-02 -8.669063412377020494e-01
-9.790372059803199578e-01 -4.063165791154346729e-02 -1.995876190589181143e-01
-8.468269955984349950e-01 -4.861605225502653727e-01 2.157127391680448425e-01
-3.063585313447476643e-01 -8.657561758224019410e-01 3.957406907277282171e-01
1.448681206794923126e-01 3.552796250858047955e-01 9.234660879586655824e-01
3.083510902068056225e-01 9.487760720685675109e-01 -6.887358157098245892e-02
5.667253275180148542e-01 -3.678785442376316522e-02 -8.230850848584821966e-01
9.367220978436876511e-01 -1.196342698678964506e-01 -3.289974967754258350e-01
4.561287991464342273e-01 8.575390187859733837e-01 2.378515290024889595e-01
-7.784223634939280156e-01 -5.317342970933105345e-02 -6.254847802988285910e-01
-6.365464435664481835e-01 2.612843662608229089e-01 7.256301434826055718e-01
8.533005485276780044e-01 -3.962794115959287211e-01 -3.388816929660677935e-01
-5.678792967311854234e-01 8.227173404199833451e-01 2.548101482209377475e-02
-7.037557585059760479e-01 -1.979311927359031220e-01 -6.823130332272870913e-01
-4.927746744321029881e-01 8.668196920006435713e-01 7.613633691112534074e-02
-6.055759712927648586e-01 4.564943790140297275e-01 6.518363482665107123e-01
-9.897827392874802843e-01 9.680089145384408733e-02 -1.046886642493482650e-01
2.857348500025909677e-01 2.360592181712389270e-01 9.287796514838061457e-01
3.077036118467382786e-01 -9.306862044170375325e-01 1.978425539773487618e-01
-2.723507779905265380e-01 7.321767010562250100e-01 6.242934663748918034e-01
-5.241690546072336199e-01 7.475332227402425866e-01 4.079716694719693892e-01
7.890829622858429593e-01 6.062050968673310392e-01 9.931494933930466729e-02
-6.336382388016011946e-01 5.040295666409684294e-01 5.869044030164729531e-01
5.647016157018106552e-01 6.595898864962826957e-01 -4.960375659721603103e-01
-5.942642746182545954e-01 2.542473739639908858e-01 7.630257169616593282e-01
-7.544946065217199571e-01 -3.382879811044299245e-01 5.624047746684978089e-01
2.043430404270760170e-02 6.819988343694878274e-01 -7.310677322498579933e-01
7.515230288399832315e-01 2.975719047745025159e-01 -5.887818769392041407e-01
-5.539112499919246480e-01 -3.620112149835144066e-01 -7.497534310415280290e-01
-8.970933431566479044e-01 6.941851606028298476e-03 4.417865370971692518e-01
9.227547627973125000e-01 1.256547190085055832e-01 3.643275165641058910e-01
-4.270269325528574522e-01 -7.359508963423679884e-01 5.253801262394328653e-01
-4.641621153373111652e-01 6.222337105220783204e-01 6.303798380147631608e-01
6.357723802233461452e-01 4.033121375580315249e-01 6.581282551627094524e-01
2.510307901412098808e-01 2.063471732643684386e-01 -9.457295525079485454e-01
-2.028912411643106761e-01 -6.191694606530916412e-01 7.585936483080814030e-01
-7.101866026809051657e-01 -6.796919785582644646e-01 1.834497305969837178e-01
3.635173253308353059e-01 -3.786408796528392129e-01 8.511675736540013082e-01
3.071636189266683803e-01 -1.267792070791125270e-01 9.431741853232964434e-01
-9.463486915884817829e-01 -2.459573900377630962e-01 2.095927389357281068e-01
5.466882198284622740e-01 1.875051614038030032e-03 8.373341474478581681e-01
8.324755378553639895e-01 -5.476669842029256996e-01 -8.393660278147263565e-02
-9.072479520127962882e-01 -4.197281586571406375e-01 -2.700789512111431007e-02
7.426199900074753613e-01 -4.203080657906256568e-02 6.683928199342139553e-01
5.536296813875144496e-01 -2.990150164792949039e-01 7.772285351211998261e-01
8.939067085191918505e-01 4.012497721272745288e-01 1.998234641682369861e-01
-4.861977446747655640e-01 5.123085122018532916e-02 8.723457760294518470e-01
-4.174142652384683072e-01 -3.246445394365424786e-01 -8.487468728599032453e-01
1.011088801907625984e-01 -9.690219321221231752e-01 -2.253297348617737395e-01
4.000131389801742099e-01 -5.659258645418023814e-01 -7.209142837299323814e-01
-7.478382053808690921e-01 5.775285052239380601e-01 3.274123458675998188e-01
-3.913564286935662384e-01 -7.555647965584960657e-01 5.253208390324296539e-01
-7.854301340499761919e-01 6.102906395740411716e-01 -1.031738327995249394e-01
-6.313341351057227824e-02 8.937091441389662105e-03 -9.979650797974202181e-01
3.642201152205545855e-01 8.739319773062345642e-02 9.272033955174787678e-01
-4.808259469881692727e-02 -7.277565550371845049e-01 6.841479815708283452e-01
-4.754660821168337215e-01 -5.285045248032569365e-01 -7.032886832723471704e-01
8.737571213688928584e-02 -5.036767648809158393e-01 8.594621582406440918e-01
4.217006592651281749e-01 -4.557802960714031348e-01 -7.838576884157101299e-01
-9.819640916362425420e-01 1.887492954544676138e-01 1.096477097121106511e-02
-3.293786120383168647e-01 9.161635436234956131e-01 -2.283727025433452129e-01
-6.679374734519535339e-01 -6.556314681967485569e-01 3.521461478829445158e-01
-4.673203665564336085e-01 -8.639039149265699269e-01 1.878342374970716211e-01
3.224118567878340169e-01 7.747511411760691358e-01 5.438853407189788713e-01
9.607042580215561234e-01 1.614022205294022017e-01 -2.258243827123846414e-01
2.979576635521583028e-01 -8.930644059667377510e-01 3.371308314672759598e-01
8.217446254277950279e-01 -3.068407908128176764e-01 4.801921487008068423e-01
-5.577101309979384247e-01 5.291076630599436115e-01 6.395345891142304451e-01
8.886736209759515948e-02 7.967311362138878028e-01 -5.977642416046163865e-01
3.229445883996562849e-01 -1.613906055172316945e-01 9.325555561328010556e-01
-1.458396095855582497e-02 -1.049582897394924913e-01 9.943696825113486071e-01
3.105873349682818918e-01 7.380248375332562061e-01 5.990449453432614701e-01
-9.411018754551010446e-01 3.184258001328798410e-02 3.366204243847789601e-01
1.861823534228621013e-01 9.347277819960689849e-01 -3.026881313144503816e-01
-5.476117921702409186e-01 -7.040769455768235430e-01 4.521028420429443750e-01
5.954280686294443070e-01 5.001670466841260376e-01 -6.287275566566881135e-01
8.259657238675292001e-01 -1.328654286306294730e-01 -5.478388457117545629e-01
2.777538332530360976e-01 1.252374779666321769e-01 9.524538740672966464e-01
-6.684720649815064641e-01 -7.437371471643841048e-01 -3.927685628995474399e-04
-4.537870012110865048e-01 1.616530944102929079e-01 -8.763250735882354148e-01
