-4.227049672940776937e-01 -8.080380654916691219e-01 4.103595927249582553e-01
-6.808444473633509242e-01 -7.315652061588335808e-01 3.554135101929335738e-02
7.470275015054083090e-01 -6.637939900282538996e-01 -3.643419817915293651e-02
8.220952586771789194e-01 1.563103222328796407e-02 5.691353586732569303e-01
8.804406053238532648e-01 4.465169195396102159e-02 4.720493267685226813e-01
-3.718252084158978343e-01 -4.425964842547706612e-01 8.159989990874931820e-01
-1.271324489396513102e-01 9.915641087277268229e-01 2.525784451602596653e-02
6.980495850098050736e-02 -9.598327136374570356e-01 2.717506754362017385e-01
4.753034016726613298e-01 -3.337544631453891464e-01 -8.140605841636909812e-01
8.777391620274850315e-01 -1.922579614957401276e-02 4.787528926342936031e-01
-9.929208080701631411e-01 -4.060033581280434595e-02 1.116238398962414308e-01
-6.300194527217228835e-01 7.881345444592197103e-02 7.725696917369471173e-01
-2.364734067776123883e-01 -7.628130798787683409e-01 -6.018276605913502886e-01
6.460701361913453455e-01 -6.727427820673439474e-01 -3.605697273732041408e-01
6.086236933672796168e-01 1.126001324023462175e-01 7.854288064840414529e-01
-4.373156424646723606e-01 -7.050735584869061157e-01 5.582349917179344478e-01
4.050685932086765528e-01 -5.521354768314309380e-01 7.287426500624705206e-01
-9.896570636223500639e-01 -5.724053234878028612e-02 1.315386554546449926e-01
-7.283716106036842719e-01 6.270118439327571069e-01 2.762805538481467593e-01
-6.178041655283939004e-01 -7.836933470943731050e-01 -6.436420414938223700e-02
-7.246134684137486293e-01 -6.743668699763558649e-01 -1.420022748820948810e-01
4.123934056467844500e-01 -8.971797975583083451e-01 -1.581141670827744539e-01
7.394141824971363075e-01 6.224554351705959832e-01 -2.565460932243470160e-01
-3.721866103205168641e-01 9.277869432084789869e-01 2.623957145211182340e-02
-9.939501931251801814e-01 -5.236090769164520459e-02 9.654713321546185001e-02
6.985376450722170505e-01 -5.877282081069418185e-01 4.081920036114924932e-01
4.979184859931798379e-01 -2.679900460744712998e-01 8.247778588876293338e-01
-9.078921149478277330e-01 4.049064605393123406e-01 1.085479885999124233e-01
3.920656994575814069e-01 -9.199241143630279005e-01 -4.910307753724659982e-03
2.795655125813908404e-01 2.501900816130508964e-01 9.269563351299560106e-01
-2.905962467944441796e-01 -2.976165306913037267e-01 -9.093834295874620999e-01
-2.740147764463609081e-01 9.451580704592045246e-01 1.777417343644537295e-01
3.572439803816939152e-01 -1.557314597336655337e-01 9.209367247158002368e-01
6.225275589546790389e-01 5.578550922382667920e-01 5.488689592295810105e-01
-4.152926675515033472e-01 4.542609786753744605e-01 7.881490744337948939e-01
1.095841766078428786e-01 -6.188826224101183771e-01 -7.778017793216699394e-01
-7.999935992445359467e-01 2.756718430641159068e-01 5.329308361404943017e-01
9.349361547567537345e-01 -3.315384738553449062e-01 1.263986822808059463e-01
2.336313313137375336e-01 -9.642610730912788419e-01 -1.249679316841967869e-01
8.805231680336442768e-01 -3.572297920846996266e-01 3.115538897255448192e-01
-8.269036263917560747e-01 -3.128779512582449684e-01 4.672662841213841567e-01
9.085608466375637571e-01 -4.145407895329017989e-01 5.170224144726827398e-02
-3.603475829511071371e-01 -3.048271509177811426e-03 9.328131257128092768e-01
-1.156270766476923950e-01 9.841426784444677889e-01 -1.345123325574926476e-01
6.975236550698488136e-01 6.808686545259967637e-01 2.233352321107383853e-01
-5.089548308231588852e-02 3.829096476256725334e-01 9.223827034138275538e-01
-5.557199520838972395e-01 -7.113094879961071593e-01 -4.303651323499462777e-01
-6.756312274311604416e-01 3.758399284399565055e-01 6.342450573004979608e-01
1.999560491623516845e-01 -9.196625988471861524e-01 -3.379915423276486641e-01
-2.286403090993797127e-01 8.523596386188146967e-01 -4.703261161242736632e-01
2.602269412355441291e-01 -1.675059892335194547e-02 9.654021734442601588e-01
6.360874286667913546e-01 4.420336220591463139e-01 6.324547889464838812e-01
9.389104419947266189e-01 2.959296489136505892e-01 -1.757066441746316099e-01
5.518989087673895622e-01 5.186156377704272957e-01 -6.530278820703888654e-01
-7.801200275036797027e-01 1.467740954204724835e-01 6.081694727632750430e-01
-5.349972663513248294e-01 7.361638605770536303e-01 -4.145367237976607666e-01
-6.742934273943790302e-01 5.313867088905790959e-02 7.365491534370843807e-01
-3.217369533846021756e-01 3.256867264508400139e-01 8.890520170611672102e-01
4.867424678467611177e-01 -1.743465402907918849e-01 8.559702412368529467e-01
-2.332851161765656933e-01 -7.859850228649730708e-01 -5.725430974192545763e-01
8.056911440247430667e-01 8.993269909025859710e-02 5.854689488559077226e-01
5.023113659566019740e-01 8.065794462268371934e-01 3.116294090024580576e-01
5.618391050367337325e-01 6.109721097003507628e-01 -5.577184784636640691e-01
-9.023263147282019059e-01 3.789896673669562732e-01 -2.053632240156590127e-01
-3.851668365726877985e-01 -7.862818391316599431e-01 4.831225284090185368e-01
-9.634355432677387254e-01 -1.966500566329661692e-01 1.819909591014031436e-01
-9.534021974466562188e-01 2.795861346858407037e-01 -1.133836107879710037e-01
2.736490749479202900e-01 9.269364306112858332e-01 -2.567197643068342416e-01
-3.833499095636548615e-02 -9.771790316716415514e-01 -2.089295779195674552e-01
4.305339041692552993e-01 -8.778890278797566449e-01 2.096459207547679005e-01
-9.479340333151861087e-01 1.077749135013655601e-01 -2.996758857542206611e-01
1.384656657700333859e-01 6.610381780275004227e-01 7.374657867270481004e-01
-8.401623563058712163e-01 -1.939842521716099444e-01 -5.064556495449406004e-01
-4.835170002009179235e-01 -8.325362183144379147e-01 2.703604181669350681e-01
2.833076901476542370e-02 9.483107551046087158e-01 -3.160760656550237191e-01
-1.210719130239163721e-01 2.068357413127792643e-01 -9.708555855493247178e-01
2.823322464841265256e-01 2.852323737811272020e-01 -9.159317635841711658e-01
-8.579493227335635019e-01 1.197955682530199850e-01 -4.995717980910810985e-01
-9.127383011474697883e-01 -2.260893150627049930e-01 -3.402828459280711204e-01
-3.470594673622705573e-01 7.626943845814398992e-02 9.347367002913155032e-01
6.246670122860430857e-02 -1.071555867625122727e-01 9.922779809424361330e-01
-4.387816388610942253e-01 8.552910242079331260e-01 -2.755865332481198249e-01
6.645074195477969070e-01 -6.516067984186081352e-01 3.658394041387282858e-01
6.928603532633101914e-01 -2.648787123105504349e-01 -6.706592269107654047e-01
-8.873170389283095982e-01 -1.928508884330664142e-01 -4.188997580067023163e-01
-5.197739102872214190e-01 4.526312379285378773e-01 -7.245412649642605230e-01
6.410790655471917399e-01 -6.869291208585208697e-01 -3.422659998213068433e-01
7.278564717850640742e-01 -4.132397089241675592e-01 5.472274659123639307e-01
1.798353869963544016e-01 8.548276665377877448e-01 4.867534222842528346e-01
-5.638012655860663580e-01 6.139155248218148841e-01 5.524815483853784404e-01
5.331240799640341900e-03 5.836412378609393548e-01 8.119941399663465065e-01
-5.177326535207992242e-01 -5.747356939084257155e-01 -6.337442556946077943e-01
-1.653086110105621842e-01 -3.195098779793063559e-01 9.330522498763974548e-01
3.904484710688173599e-01 4.340808234936822108e-01 8.118644160911782093e-01
-9.962676168605444360e-02 -8.152097405945752939e-01 -5.705327222830214318e-01
-4.126706707436310628e-01 -6.079701561749040195e-01 -6.782884391677809210e-01
5.696394835612251795e-01 3.325132738406144095e-01 7.516287524356004557e-01
-4.186167848834245753e-01 -6.271206595851330778e-01 -6.568711180554159812e-01
4.579476097634919696e-01 8.640771033807478352e-01 -2.089371822463415018e-01
1.016950433715225199e-01 -9.855615784529263568e-01 1.353753789691482523e-01
-2.754978408884490859e-01 -2.101680035401727875e-01 9.380460276307025502e-01
-9.844769266608973668e-01 1.430753641599350756e-01 -1.016593381978079802e-01
4.991675705485265624e-02 6.571937271610929221e-01 -7.520669666627021188e-01
7.651438350193647819e-01 1.346628493173786523e-01 -6.296195905033326046e-01
9.014432778354242171e-01 -1.282757886676425853e-02 -4.327071412234183012e-01
-9.564406246130486844e-01 -1.970434221887037984e-01 -2.153954998647035213e-01
-9.500590409529786617e-01 2.156657176580757118e-01 2.255573473211047730e-01
-4.332722231379756428e-01 7.997110681542135557e-01 4.156168766168222839e-01
-4.396284587942517197e-01 -1.732990631120873426e-01 -8.813025887529570834e-01
5.897091327260870486e-01 8.070629930801013208e-01 -2.987413563661223820e-02
-8.680401595582788454e-01 4.813694545793167356e-01 -1.216130321636982453e-01
-6.775772775565079564e-02 6.660162847988301271e-01 -7.428534167062533777e-01
-1.798701923728802388e-01 7.983937262497481369e-01 -5.746426470257715025e-01
-8.149865534816085333e-01 4.278749707574105443e-01 3.907939700705662101e-01
-6.175044227717826351e-01 6.053544362516984911e-01 5.022293244800386525e-01
8.223535092927750645e-01 -3.401688011016985591e-01 4.560919781260032724e-01
-3.399182248505865367e-01 8.089800965242780473e-01 -4.795902457744483649e-01
-2.814910975198509080e-01 -5.084143230124531510e-01 -8.138044225567090395e-01
4.250325677659854695e-01 6.920865564082292476e-01 -5.834068175615125806e-01
-5.598059109192080052e-02 6.092904157247885921e-01 -7.909686230988643985e-01
-9.758974190707853102e-01 2.072020817196517373e-01 6.849470623356826438e-02
2.150626265505141410e-01 7.384594269865187854e-01 -6.390819519873300880e-01
9.120407864677418930e-01 -4.094653455010698884e-01 2.279768964154780045e-02
6.074237150827881404e-01 3.027600813659843682e-01 -7.344200184405966780e-01
5.805455776671085699e-01 -3.050033065452274483e-01 -7.549435841489356980e-01
6.752099108798575999e-01 7.271010310718788450e-01 -1.241598440069304893e-01
-5.760643514944954191e-01 -2.924385819674612530e-01 -7.633017350393530576e-01
6.638020160752683418e-01 -6.964215293307691734e-01 -2.726975191287989708e-01
-8.697252408606606089e-01 2.615702786510118449e-01 -4.185200051805141874e-01
7.102498405126519421e-01 -6.609335800958620055e-01 -2.423055235718314937e-01
-9.919036019898970491e-02 5.748222201522841246e-01 -8.122442290732473369e-01
-2.113791431972715518e-01 5.364967915295518752e-01 8.170006429004104120e-01
-6.483402816367846988e-01 7.151405053929804634e-01 2.612066935463318029e-01
-4.475790832295250404e-02 4.176241386369484304e-02 9.981245565713889878e-01
-9.598860500873701573e-01 -1.070751025081420060e-01 2.591402965008289816e-01
2.662442253935773037e-02 -9.042661762615230581e-01 -4.261382669906682019e-01
-8.603841934752278764e-01 5.094330595521348037e-01 1.473083342287904648e-02
8.609294119724848482e-01 -5.083401143103319919e-01 -1.977057873887418799e-02
6.940224541062000041e-01 -1.785202525220264125e-01 -6.974692485234595951e-01
-4.975992145302903791e-01 -1.638841898727971813e-01 -8.517845936670697116e-01
8.740998400156569925e-01 -4.744764069573934595e-01 1.040269624924463482e-01
-4.898134307135728061e-01 -8.644838136606508572e-02 -8.675306798331615665e-01
-5.023934816982412732e-01 4.795397308592915242e-01 7.194737216010860248e-01
-4.869807762463900236e-01 4.637075609703595336e-01 -7.401520259145304426e-01
-6.625906875103092508e-01 -2.495906171169828547e-01 7.061714414161615050e-01
5.728197052706125447e-01 2.768664625150851766e-01 7.715066734566018436e-01
9.331415071112802995e-01 9.855187585163303898e-02 3.457375528811019727e-01
5.470383412483931229e-01 -1.564721431272626806e-01 8.223536475442716487e-01
-5.977388970445117744e-01 -5.672205687474601854e-02 7.996816986926165161e-01
-3.491059028792004582e-01 5.540636518122020737e-01 7.557370827975992134e-01
7.389076583220197669e-01 -6.733446011238922724e-01 -2.495036293074118228e-02
-9.077704446496827340e-02 -8.874929158828349651e-01 -4.517918242465089329e-01
-4.970898808185293949e-01 1.651552623183014448e-02 8.675418651460607977e-01
3.041073030147178891e-01 -7.716547355895750915e-01 5.586302151650028858e-01
7.095710843255829126e-01 2.163552415144908703e-01 -6.705962166298158333e-01
2.033901061650225106e-01 -9.757510856312776593e-01 8.088438417620437415e-02
9.365274432588536202e-01 3.486566778188036064e-01 -3.680854568425478285e-02
9.382800945788868363e-01 -2.440205983809922707e-01 2.451212183447564197e-01
-9.333587086054723203e-01 2.959720502183619817e-01 -2.030814283972425804e-01
1.729553256465177768e-01 1.742899158034901322e-02 -9.847754493197924397e-01
-9.300220165039639886e-01 2.416911540102393841e-01 -2.768473133174663703e-01
1.850267053715141941e-01 -7.106760141489648630e-01 6.787523268561982404e-01
-3.950598366912487780e-01 -9.178586609809783470e-01 3.825184826500941521e-02
6.964498975335946529e-01 -1.769484436653393500e-01 -6.954471859960751345e-01
5.043414293605380516e-01 8.542864145189343894e-01 -1.258349895655129780e-01
-2.001115398193868411e-01 7.598683634263364572e-01 -6.185106643340072541e-01
-7.553760129656236222e-01 -6.027959736464888474e-01 2.569904535031208859e-01
-8.488300349216659768e-01 3.722713918615591089e-01 -3.753685956714293837e-01
-3.883763039682397999e-01 8.841904002640427196e-02 9.172491045930644127e-01
9.630678604179723212e-01 2.687635519314315324e-01 1.632327734095266950e-02
-6.567131430091829314e-01 -1.754705639946126106e-01 7.334425191999799365e-01
-8.812521469709533317e-01 -8.494535010572580591e-02 -4.649504715069133209e-01
-1.813281412690162520e-01 5.012502822400228819e-01 -8.460899832395020193e-01
-8.754317969984394265e-01 -2.303374365670060320e-01 -4.249280340479118512e-01
-3.005833601194932703e-01 1.434384339446151957e-01 -9.429077681760774654e-01
-6.389889819083011124e-02 1.402142964131129765e-01 -9.880571248118065197e-01
8.439074691618486668e-01 -1.970734725295904821e-01 4.989811919481257352e-01
-1.358918178534544718e-01 1.033392817048697648e-01 -9.853194439861648890e-01
-6.827245073815930709e-01 -5.831418079147819844e-01 -4.402645555599957183e-01
2.001893716502544385e-01 -5.056673186590373570e-01 8.391810164192562427e-01
-1.750742268691864861e-02 -3.808553050845823185e-01 -9.244688890058937458e-01
5.683783387120148189e-01 6.348479821246526544e-01 5.233680384540374542e-01
-3.095095033566838683e-01 -2.897784330418423093e-01 9.056667858962882400e-01
-2.267748181038001798e-01 7.462583750772994184e-01 6.258367354997443899e-01
9.876898001774002678e-01 8.630234309456581709e-02 1.304636508837422881e-01
-1.706006974163301604e-01 -6.670137368056008320e-01 7.252503546732607109e-01
-7.072412251448146892e-01 -6.104582822126237707e-01 -3.565817369603693776e-01
7.691138947333143738e-01 -5.294187228082025687e-01 -3.580218329491705043e-01
4.497652222856774462e-01 8.507835657350777403e-01 -2.718061240984495641e-01
-6.204279803239378666e-01 -2.227304477281948081e-01 -7.519709228992549344e-01
4.113316411567787267e-01 -8.148303479446233899e-01 -4.084822946612434169e-01
-4.382020930753681154e-01 -7.990055789503971440e-01 -4.117875792572028848e-01
2.664538074650783517e-01 2.761888804959867771e-01 9.234295158688271554e-01
-5.467194033169077150e-01 -6.549432121582019484e-01 -5.216773743269884633e-01
5.218489725626754838e-01 -5.121326799522069040e-01 6.821977484280128401e-01
-4.142449685809167503e-01 -8.097751530161140243e-01 4.155301524115000977e-01
-5.000460051435907938e-02 -3.622573886525308762e-01 -9.307357972561539627e-01
-2.997180089027632333e-01 -9.180742144953607520e-02 9.496001856076853320e-01
-3.538775562053744217e-01 2.295424647558158560e-01 -9.066867883056073385e-01
-4.717846162882761152e-01 8.815467706300433859e-01 1.716295503302354281e-02
-7.466846671608800001e-01 -2.765429257804241994e-02 6.646030754735142709e-01
-7.811950355228304277e-01 -5.364819570868757381e-01 3.192513526905080834e-01
-7.033341833477197991e-01 6.437117295003962347e-01 3.015895154646539567e-01
-6.315414554417896342e-01 -2.689969963243447060e-01 7.271836123201254054e-01
5.377239247108593911e-01 1.945712135411615251e-01 -8.203627390701442312e-01
-4.083262199565409478e-01 -6.143321336412922440e-01 -6.751782932468579634e-01
9.177109893766876025e-01 6.815291005448891049e-02 -3.913588134032069399e-01
-5.616323574265786878e-01 -3.522751967629714209e-02 -8.266366293293080370e-01
8.665931455467251743e-01 4.436013221252502192e-01 -2.285479973663349929e-01
8.121188401698803405e-01 5.614475917586447817e-01 1.588697301236036974e-01
-5.626581843981445230e-01 7.293244634241090596e-01 -3.892320574938799016e-01
5.671775920240399449e-01 7.842124616098328227e-01 2.516354390018581411e-01
-8.933129437777368453e-01 2.143620882760156332e-01 -3.950201002342789147e-01
1.152081404202172088e-01 -1.373340404797269432e-01 -9.838020358316139635e-01
4.756845797596991887e-01 2.169484559867645157e-01 8.524421083122285525e-01
-9.827047267972909284e-01 8.024523570117576832e-02 -1.668895505342520291e-01
1.694220685543346983e-01 -8.093562246666627935e-01 -5.623510151854415051e-01
8.982158958878313504e-01 2.356938398974220972e-01 -3.710210482018895251e-01
5.856745922205149890e-01 -2.229205286387672957e-01 7.792892338142148878e-01
-9.157583687890376301e-02 1.088522384632472084e-01 -9.898308220506517596e-01
-2.887679898934253919e-01 -9.573172308020696519e-01 1.252068777533767337e-02
-4.953814329830525942e-01 8.296006021630740745e-01 -2.576044967509733552e-01
8.698911124193005051e-01 4.875356471796548630e-01 7.482275899101026306e-02
-2.981920837995180595e-01 -3.500998658140658804e-01 8.879817369272152705e-01
-6.568127659235012406e-01 -3.430078236699455330e-01 -6.715226157182850875e-01
5.415599951899631170e-01 -9.623282922520484672e-02 -8.351359255768845413e-01
-9.540793047896187762e-01 3.443833050146031388e-02 2.975679444503894766e-01
8.412340460400721254e-01 5.395730862854656307e-01 -3.444073662724721208e-02
7.503604413624560543e-01 -4.679778964926655238e-01 -4.668574690766337798e-01
-8.750270310060491719e-01 4.819183042501537506e-01 -4.563379271323930036e-02
5.738219780584643548e-01 -1.242747041699593900e-02 8.188857646070700769e-01
-7.853954054046559385e-02 9.906377303388039790e-01 -1.116621144384949277e-01
-2.707199146314224203e-01 3.798652214231180713e-01 8.845412038877108474e-01
8.202495256892999853e-01 -5.702915914753844406e-01 -4.425173780713550359e-02
-3.335714562744648837e-01 -2.419520032354089967e-01 9.111472502780796345e-01
2.604304788617242683e-01 3.704290008316830640e-01 -8.916043522901254681e-01
-9.993292732794584188e-01 -2.023853710433413597e-02 -3.051893154463481556e-02
9.289676892871820968e-01 -3.258858457152516985e-01 -1.755489898087957967e-01
4.807491068017952229e-01 -7.889538922628495099e-01 3.826644119755273632e-01
-5.410435976153928905e-01 -1.072848070989878416e-01 8.341233695593991415e-01
4.853432212103214183e-01 -7.443666935102766224e-01 4.586503932384303761e-01
7.076609145308968563e-01 -4.995001346690334243e-01 -4.997155646074195601e-01
-1.418861474166014658e-01 8.791058883904887544e-01 4.550177558826073443e-01
-3.115784987221854596e-01 2.786944298151615151e-01 -9.084317552375803517e-01
-2.521873899838194544e-01 3.723031777412149634e-01 8.931919525930259729e-01
5.548596707011932416e-01 -1.650217226210698995e-01 8.154131326465978713e-01
4.912058909207830393e-01 -1.876980260467213668e-01 -8.505799337762935952e-01
-6.040155754108639252e-01 -1.209608517263365858e-02 -7.968807121424004158e-01
-2.995465162487611077e-01 -9.089253283438415432e-01 -2.900459137761996486e-01
6.841863850149467741e-01 7.089988131692505080e-01 1.709083774563823488e-01
-3.805034567123977834e-02 9.102505451190051611e-01 4.123058528627179253e-01
-2.823637805714003246e-01 -2.057802815807395491e-01 9.369766118393657583e-01
-5.803001658556524722e-01 6.229422535722192178e-01 5.245899982102852910e-01
-7.155144889537865538e-01 1.128203825320045622e-01 -6.894277173007578030e-01
9.226612003983890586e-01 3.852972629769018664e-01 1.556690148718998037e-02
7.278832691130022736e-01 6.587008631605473230e-01 1.905232778872925636e-01
1.714503784286221244e-01 6.859749292587991043e-01 -7.071373022016783638e-01
-4.036896812183742855e-01 8.965906358687739663e-01 -1.820985253928075476e-01
-3.277043135085336290e-01 7.275405440467387352e-01 -6.027392800175511711e-01
-3.404879554516753171e-01 -5.067436108369212100e-01 -7.920093844572152486e-01
3.995823437378301368e-01 5.938587787374759452e-01 -6.983306534081230588e-01
7.197003440790758488e-02 3.139976753584009517e-01 -9.466920164535268523e-01
-4.156618397244329910e-01 -1.575681061626341972e-01 8.957664466350705457e-01
-4.541986996519100650e-01 7.361937401264152525e-01 -5.017193620274128518e-01
3.001791580444627683e-01 1.361587559147917348e-01 -9.441150704566967367e-01
3.508886358653197091e-01 -4.488241164796948346e-01 -8.218479650682334325e-01
-8.566652112427179944e-01 -3.486275540412803187e-01 3.802414291074338593e-01
7.205279620187469147e-01 -2.136941698029188041e-01 6.596773891390793620e-01
7.731440536584551770e-01 -5.165839419728164295e-01 3.679528545729704447e-01
8.603596255743303223e-01 -2.536553527239381878e-01 4.420862774573450782e-01
-3.990635918362075429e-01 9.513747918296812378e-02 -9.119742922503326632e-01
6.803589070277644701e-01 -3.007345608097805045e-01 6.683341092317032217e-01
9.294649283033388221e-01 3.177284278437580295e-02 -3.675397033185240359e-01
-9.008125085989623360e-01 -4.082801435928841149e-01 1.477976613462412825e-01
7.873248968283064197e-02 8.830625553506541436e-01 -4.626031975742450064e-01
7.578837755544384214e-01 6.517720415236135656e-01 -2.837936996288767735e-02
-9.648238374108687454e-01 2.454048147236030930e-01 9.429443077000536355e-02
3.496073396505258724e-01 8.483631851799243728e-01 3.975608306836266315e-01
-4.538161571648794967e-01 -7.794123112483122284e-01 -4.319344216089583410e-01
1.419497839948579559e-02 6.999480379946084740e-01 7.140526918202437789e-01
-8.962900500550884386e-01 1.168043155117343829e-02 4.433144636609833156e-01
5.820568289899514802e-01 7.126680075108876578e-01 3.915535198368467196e-01
1.850146143708293889e-01 5.726392945995618655e-01 -7.986575178070570713e-01
-6.590013598561572650e-01 -7.515964049134161717e-01 -2.863654708521380307e-02
8.937531243911853718e-01 1.112468611788519773e-01 4.345451513005843536e-01
-9.852957167369797986e-01 2.544696043796168886e-02 -1.689520724472768354e-01
-9.386918430818171899e-01 9.141687764215430945e-02 -3.324162724865018514e-01
5.003017997558785179e-01 7.141490901885906295e-01 4.895806227209539285e-01
-7.013260592770218516e-01 6.880930521774014652e-01 -1.861980400652789580e-01
-8.232128192283281187e-01 -3.878562021176328312e-01 4.145940432966132572e-01
-7.959230869994129431e-01 4.030964629445538683e-01 -4.516853784913948955e-01
8.727892217517617679e-01 -4.790813713750128877e-01 9.338101517648536576e-02
-9.424416239400135176e-01 3.278695850828374780e-01 6.561494222292638123e-02
7.952781554889697402e-01 4.772644175497713082e-02 6.043631707503949180e-01
-2.538533641101836102e-01 5.719277873313989291e-01 -7.800365860702641596e-01
-6.515472972134621517e-03 -7.644048778639217501e-01 -6.447035995787462337e-01
-5.473219759090025560e-01 7.992298985137802347e-01 -2.483349029208693215e-01
-6.769656147478719799e-01 -3.707434161428755509e-02 7.350803014929068180e-01
-3.223290721861208907e-01 3.250938766157248638e-01 -8.890545206063541483e-01
-6.339050164241099017e-01 -7.155216741666353686e-01 -2.935867230481044587e-01
-3.265409643260729911e-01 -8.945751361605132068e-01 -3.051332895316367089e-01
5.784277700547009182e-01 -6.124613140298529324e-01 5.388065085412128141e-01
-6.336607142183672270e-01 -6.511835856913668064e-01 4.176530102637872610e-01
5.406169869755851343e-01 5.331381305991155228e-01 -6.507664766217758912e-01
-1.793563171437241033e-01 7.629793586287544338e-01 6.210425185179309082e-01
4.695207716501423878e-01 7.801401544179231706e-01 -4.134387311970585399e-01
1.770606005838702424e-01 -9.802759244629047908e-01 8.779895010349685058e-02
-5.441749538320019841e-01 7.052404733674305648e-01 4.544331571820227622e-01
-3.176755139280822149e-02 -9.522129389463546145e-01 -3.037784416011959920e-01
-2.842157760673610922e-01 -5.726227428891222937e-01 7.689763240572272673e-01
7.721909407268559011e-01 4.941257818886294895e-01 3.994507012540144397e-01
-7.547586590750160473e-01 -4.405481119016294578e-01 4.860624729920970388e-01
6.541030071470935736e-01 -3.097273923329450507e-01 -6.900856457569329860e-01
-4.278769691791705632e-01 5.168458234867245871e-01 7.414793955265220893e-01
7.493197203576880128e-01 -5.346640652349433642e-01 3.907099871125900292e-01
2.757099715764187442e-01 -5.230842120051479860e-01 -8.064532960589124722e-01
-6.597830795326731224e-01 4.994412099523414250e-01 5.614666203468587913e-01
-1.111260860223789032e-01 1.267607363006098831e-01 -9.856889513116569024e-01
8.423444201336101056e-01 5.187846159026741066e-01 1.460082195374181324e-01
-2.323146358368219089e-01 7.694904490070390013e-01 -5.949070169891680360e-01
-2.230164974160604163e-01 -5.182788559198442391e-01 -8.256213837993111593e-01
1.194673216365129131e-01 5.003551326810814492e-01 8.575385124066995379e-01
4.687796703102865559e-01 -5.224794247493014243e-01 7.122224873011369084e-01
3.003275616290275174e-01 -5.468304608146562495e-01 7.815240257670863500e-01
1.760849349789758433e-01 -6.247854013411509033e-01 -7.606821267417993582e-01
8.675626743387930828e-01 -4.186504920409001018e-01 -2.684525500121640040e-01
4.466081490041802216e-01 -8.439410718579497539e-01 -2.971609470881305115e-01
3.637862858285473844e-01 7.056069430059367376e-01 6.080940554099236728e-01
-2.956225303330553000e-01 -2.314400272927977231e-01 -9.268456361909414021e-01
-1.460698013572365173e-01 -6.459248504273656932e-01 7.492961368723600746e-01
4.592952355918570873e-01 -8.426488976241151008e-01 -2.810528809592319766e-01
8.872713995948096066e-01 3.206369602997182211e-01 3.315741291940980662e-01
-1.818807332369145324e-01 -7.420407737748434540e-01 -6.452091823066637977e-01
9.234756426398794682e-01 2.062319493635288159e-01 -3.235137099298583396e-01
-7.282648056363291156e-01 2.554323709514722540e-01 -6.359124756926769484e-01
5.686327952685418241e-01 2.887697500946445062e-01 7.702394274349770864e-01
-6.882251638659498960e-01 7.060268141399105024e-02 -7.220535888691648196e-01
-3.323611913140948199e-02 -8.591292951438819214e-01 5.106781908508126744e-01
-1.392864443371887306e-01 -5.346014520687458749e-01 8.335469836007397548e-01
-8.746280906174562497e-02 6.170476023351794126e-01 -7.820501988257754222e-01
-4.282947990353727641e-01 -8.936783053207344452e-01 -1.338007911722119136e-01
-6.176087115153257034e-01 1.017385607934673253e-01 -7.798773908173343150e-01
5.461944631810576878e-01 -8.364451716550057592e-01 4.506754048518952366e-02
1.455367771626400741e-01 4.944353096864573804e-01 8.569438552369514905e-01
-4.280400986417115528e-01 6.512808157264428077e-01 -6.265899560490044706e-01
-2.282010602438905578e-01 6.812197879224576313e-01 -6.956032465755506156e-01
3.908159285133075977e-01 3.922393919855384214e-01 8.327131375180149009e-01
7.511481270638888097e-02 8.305374728230938697e-01 -5.518743255023852434e-01
-6.956392065589998008e-01 6.104351072042066839e-01 -3.787546358667492341e-01
-4.203281648843454343e-01 -4.398562405043827117e-01 7.936313511286642308e-01
7.745012857790788408e-01 -7.272793795748414697e-03 6.325305247946205744e-01
8.957793542541473419e-01 4.191485018666793461e-01 1.479658131966335444e-01
3.410890080786138090e-01 8.160814381491544589e-01 4.665505062438097816e-01
9.113745205417057571e-01 -2.048369394847563141e-01 -3.569850298400399913e-01
-4.092192975271049526e-01 -3.496708981368956692e-01 8.427750764750695511e-01
-7.611326861662194576e-02 9.488272603069972666e-01 3.064858894611813822e-01
-1.745971527007516289e-01 -9.809439192190038126e-01 8.523415756638241803e-02
-1.574432534519313864e-01 9.795408305904143020e-01 1.253450563393398165e-01
8.941074060936384793e-01 -2.483096698348175035e-01 -3.727120258792700480e-01
-7.122588440706665303e-01 1.288490374418281396e-02 -7.017986308754251557e-01
-9.914263078503704474e-01 -6.987682364598042650e-02 -1.104133398613178080e-01
9.187585239944485727e-01 -4.539196427777708598e-02 -3.922019175967237370e-01
-9.977241387702094899e-01 6.510547835131143268e-02 -1.754478851084946209e-02
4.613578945602520021e-02 -9.553236726006560930e-01 -2.919386399572073687e-01
9.985271748460407271e-02 1.691389613964614791e-01 -9.805210077038972738e-01
1.921820434647511511e-01 -7.473662917992336396e-01 6.360107609561140851e-01
-7.091146801742562733e-01 4.012399353395051937e-01 5.797955541827755077e-01
-6.209075558457485128e-02 -1.553455509939475898e-01 9.859069417837179605e-01
-5.072499927474385384e-01 -5.200827193506706719e-02 8.602282165263190894e-01
-2.305730901685100753e-01 -2.982404882489602116e-01 9.262227924528557699e-01
-6.265910467824518104e-01 7.671817756783797515e-01 1.371706351922286349e-01
5.816314203659440629e-01 7.983743333984705259e-01 1.558952039468894657e-01
3.064739008131579789e-02 9.865543738586498579e-01 1.605341237917059238e-01
4.555360811028860146e-01 -8.639800304909065476e-01 2.145352785123161576e-01
5.483513881719175309e-01 7.598941058567000306e-01 3.491012789638234248e-01
7.683807888775863459e-02 9.170373129935629475e-01 -3.913291149536219926e-01
-6.156874689793416788e-01 -4.927417144210922140e-01 -6.149264536602527809e-01
4.549249881689728658e-01 5.591606767777713705e-01 -6.930963805163641300e-01
-7.108490660612344358e-01 -5.835120539557157870e-02 -7.009199256040269388e-01
-4.233728888908209198e-01 7.322731686723344957e-01 -5.334148511194820586e-01
3.665234714701348651e-01 -6.996294728101180027e-01 6.133344484348793868e-01
4.577986446240006058e-01 -5.170763165684005847e-01 -7.232236748229992074e-01
6.146497105590895682e-01 6.306435641666408021e-01 -4.738084299427600676e-01
-6.422658288553616535e-01 -7.188679413495007164e-01 -2.659388801673538971e-01
5.476565269099528122e-01 8.235542996432118068e-01 1.477519680820096604e-01
-6.256985967860539954e-01 -9.659920568999115498e-02 -7.740606303384933717e-01
6.922852528430569752e-01 6.219103628000235418e-01 3.660172527873075676e-01
-3.476993055086073370e-01 8.100362644712608695e-01 -4.721720482941336727e-01
6.948222813851553381e-01 -7.191559634097888232e-01 6.057852991498330342e-03
5.431253648055052452e-02 8.279323942369198885e-01 5.581918119734203820e-01
4.642424510144876199e-02 -8.979992358010397968e-01 4.375410403236583146e-01
3.616489448770203174e-01 4.671803557184895928e-01 -8.068163086478132850e-01
-9.643588344236135590e-02 5.739951113374043290e-01 8.131603363085609937e-01
-7.880497708106863897e-01 5.811261580214690525e-01 -2.031500607640347456e-01
-2.719831183906757377e-01 -9.556037828266725764e-01 1.133428143193795229e-01
-2.636166971576887064e-01 -9.033273942714564742e-01 3.383871388489995136e-01
8.056084343977623075e-01 -4.893238094284362849e-01 3.340018861528026850e-01
-8.526607472950159528e-01 3.258362034083618353e-01 4.084120695703418180e-01
1.163479647916870613e-01 6.120811870612736794e-01 -7.821890893732118544e-01
6.467181314299318418e-01 2.891675154032694386e-02 -7.621807396937634316e-01
4.327214188109739790e-01 -2.918551424000463412e-01 8.529787509409986201e-01
8.734205000206893832e-01 4.851080026537659684e-01 4.250712769504290389e-02
1.156422354157606580e-01 -6.807083298334791754e-01 -7.233692301192807816e-01
9.127795988192183296e-01 -4.010032670489582229e-01 -7.765168250262670380e-02
-5.210775045395050764e-01 6.613081376515559384e-01 -5.395829698375520511e-01
8.886952030680510539e-01 -3.835880951130338223e-01 -2.511593305680475674e-01
-2.922772035531522386e-02 7.220882613984844767e-01 -6.911832485769209278e-01
-3.564262300242582171e-01 5.926695972770962273e-01 7.222901709244692325e-01
-5.056873454229576792e-01 -7.074664905267011861e-01 -4.937321879935672175e-01
2.630378287826842798e-01 -4.575690778827070648e-01 -8.493772068962414101e-01
1.765949926359273725e-01 -9.425143724064932726e-01 2.836914986091598756e-01
-6.797248094323041778e-01 7.183681552746843391e-01 -1.480586942042393384e-01
4.232734946872969140e-01 7.421339511583963100e-01 -5.196890870830653819e-01
6.967921345422326551e-01 -6.246863886189141235e-01 3.524877829291936382e-01
1.614562797130433824e-01 7.630814521307216491e-01 6.258103284185175808e-01
-8.990646692990257316e-01 2.949321496032962509e-02 4.368213258181623537e-01
1.118312920416502376e-01 -9.937263410543741848e-01 1.311950830004005942e-03
-7.686139254701521706e-01 3.219325670285204388e-02 -6.389023617081310835e-01
7.064710720829906476e-01 7.022660914107055063e-01 -8.786900002071632021e-02
-5.725832970721751389e-03 -9.991946566029250576e-01 -3.971464532076366544e-02
9.670290794426654457e-02 -6.946353232775553943e-01 -7.128325997386824042e-01
-5.961092310185405196e-01 7.274201892988725326e-01 -3.398729952421590261e-01
-8.079772275005787652e-01 4.851624109328248613e-01 -3.343504671124699623e-01
-9.447833296249276147e-01 3.256900722296926509e-01 3.619995737363623789e-02
-8.727239375391124820e-01 1.221150604761975095e-01 4.726952938745234700e-01
-5.446993297451984128e-01 -3.544521108329222736e-01 7.600436443397297070e-01
-8.549297893671795601e-01 -2.887397158609312786e-01 -4.309575753332787196e-01
-5.332021440661783851e-01 3.011869086612109503e-01 -7.905579799194578650e-01
6.268008756111066726e-02 9.812966880525453295e-01 -1.820110343919761065e-01
7.701008127144586268e-01 -5.936759643074999288e-02 6.351537032487222234e-01
9.552176344808375186e-01 1.821237574676164706e-01 2.332170828706801036e-01
1.217010523541401934e-01 5.856284883404658803e-01 8.013913697438697081e-01
-7.984550894073729754e-01 -1.357399435358258855e-01 -5.865527580093325977e-01
6.573552954163346396e-01 2.495041433756065019e-02 -7.531676389838369845e-01
6.268907045506193487e-01 6.720960763891071776e-01 -3.940747500797221470e-01
9.467838173460323414e-01 6.163667341073065901e-03 -3.218111440217435448e-01
4.781011397506514937e-01 3.054388729730400653e-01 -8.234843016391310000e-01
6.239984593107951172e-01 -1.472790707395672805e-01 7.674208741621794116e-01
-8.002574549930201453e-01 5.699438611472622540e-01 1.864188854935159290e-01
-9.522045900993378886e-01 5.111071429674143157e-02 -3.011546338309089577e-01
-6.995464007744931489e-01 -2.002647048371037075e-01 6.859510778182070778e-01
-2.285361684246294683e-02 -6.064911846188008049e-01 -7.947616970997668506e-01
-2.784024604996709340e-01 -9.146500360854912248e-01 2.930996101610147675e-01
7.245301459315067749e-01 2.753798053443770044e-01 -6.318401937554799508e-01
9.203465286076968344e-01 1.819290006984151387e-01 3.462139598350101322e-01
-2.079220603970587666e-01 -5.140807829316256239e-01 8.321594591306696875e-01
-4.186462624733414684e-01 4.572390178577330488e-02 9.069975919056163516e-01
-3.255255787691840319e-01 5.863626413128332215e-01 -7.417627319026113275e-01
1.213177008481767516e-01 4.860082870829540158e-01 -8.654929002294620144e-01
2.516218527765117299e-02 -9.671439690587284588e-01 -2.529810418695093710e-01
4.293865189728386378e-01 7.680953687323955892e-01 4.750333902540255782e-01
3.212432160023891425e-01 8.979879977285769588e-01 3.006997707146839005e-01
5.849254443264308989e-01 -1.132627635034837016e-01 -8.031399448309622935e-01
-4.020191913900832414e-01 -5.836292147263846264e-01 -7.055193189927029263e-01
-4.568228473044542159e-01 -2.353934595740090133e-02 8.892461894056948868e-01
-6.089522167228548222e-01 -5.843404902843148951e-01 5.363985357573303192e-01
7.688319984187658163e-01 -4.361938820224900981e-01 4.675812822318242135e-01
-9.965339156128417697e-01 4.688507309409185864e-02 -6.871640964354312764e-02
-8.545592309580848922e-02 -8.664289787726019432e-01 -4.919330340106356503e-01
-4.822023930636717415e-01 -7.076362022077693492e-01 5.164608963403071185e-01
5.983843603599018346e-01 7.757452922635406367e-02 7.974448881847450155e-01
-9.271997172837580514e-01 -3.744088367557798502e-01 -1.089528467287024030e-02
-8.569677231542837115e-01 -3.429670859424788776e-01 -3.846815558769189902e-01
3.372804529504309090e-01 7.899306959759340163e-01 -5.121048638829049926e-01
7.157118735612327809e-01 2.087416642575297965e-01 -6.664708783183753704e-01
-3.518601047354174005e-01 6.139851808210078365e-01 7.065526621758462245e-01
7.335641003292587836e-01 8.798423411306013908e-02 -6.739009461750765650e-01
5.925394091522358242e-02 -8.673644782351573601e-02 -9.944675756931312671e-01
-2.252048500342820059e-01 8.546226695074895519e-01 4.678705678763399600e-01
-4.120943152334955450e-01 1.559297585752635329e-01 8.976993849518314361e-01
1.448762103045282412e-01 4.869486440588808307e-01 8.613314703045602538e-01
-9.714985119073952236e-01 2.285082267004506784e-01 6.304468012395704479e-02
-7.040023843503633305e-01 -6.564025028024526032e-01 -2.711390734359022670e-01
4.477002164271156048e-01 8.358078759336005081e-01 -3.177887832168986848e-01
-2.257565510570117284e-01 8.659050778597136011e-01 4.463657421796683455e-01
-4.183470575313963380e-01 8.934468336596337323e-01 -1.635190963722510382e-01
-6.746902014475690823e-01 -1.820438557762073598e-02 -7.378765021440782945e-01
-1.625140679006794597e-01 8.320608124883840384e-01 5.303432681344637523e-01
-4.769631183659409079e-01 9.511240179965391173e-02 8.737618753084495093e-01
6.214539201582628403e-01 -6.876934745284422057e-01 -3.753301349624437178e-01
1.395587206860284812e-01 7.044125921550450364e-01 6.959355311333723648e-01
-9.260592189835152865e-01 -3.614353668571689826e-01 1.085301733181390921e-01
-8.342908166647600154e-01 2.142518887457019461e-01 -5.079911036600416319e-01
-7.123132693893753364e-01 3.145288036350252781e-01 -6.274403859616775048e-01
8.196467168863972308e-01 3.435597718570349013e-01 -4.584167783348383485e-01
5.084816044331776919e-01 8.594076587907789611e-01 -5.352507790571977425e-02
2.946827318806223839e-01 8.948879625377289537e-01 3.351680504410364803e-01
-1.525059000900323702e-01 -2.487162425534852062e-01 -9.564947365917937372e-01
3.553807645938129034e-01 2.719123621807680302e-01 8.942975899833298659e-01
1.451802377258424037e-01 9.893465734160179492e-01 -1.077294035311000646e-02
8.828067276442572719e-01 -1.147913282290008614e-02 -4.695961149069191043e-01
7.754788059694641689e-01 5.212498615842431349e-01 -3.562740564377113728e-01
-1.990429777353508733e-01 -6.818834364819315041e-01 -7.038585597020444728e-01
5.658306570138518232e-01 7.685363299383980440e-01 2.986428923448380957e-01
-7.692439075056394238e-01 1.829436076267612898e-01 -6.122053962470119792e-01
5.888003715050503517e-02 1.141821131129914652e-01 -9.917134597605333779e-01
-2.149390290041244267e-01 -5.244428613344372936e-01 8.238694672131697816e-01
1.697069599437877885e-01 -5.445343617493586530e-01 -8.213902097181681183e-01
7.448124448999623448e-01 4.482911121990046377e-02 -6.657663048768496239e-01
-7.080936928812320286e-01 1.002658459593735035e-01 6.989635771883043747e-01
-7.523127316770502615e-01 2.349676549731871400e-01 6.154801011186438187e-01
6.025431422660125769e-01 7.209611794619635861e-01 -3.422816667848483374e-01
-7.985047870991236474e-01 -2.237445724232595967e-01 -5.588635533749860551e-01
1.086892224034908400e-01 4.550348699664337748e-01 8.838155463941304024e-01
-7.793492004598590039e-01 6.025594341188484915e-01 1.718631784209511404e-01
-1.847412586125525003e-01 -4.718192596868097111e-01 8.621236880835840832e-01
-2.067820245331451756e-01 -9.177941234694909634e-01 3.389618581121517926e-01
-9.323693059066633371e-01 2.831879099932476107e-01 -2.247044392903338184e-01
-1.312358246956961128e-01 9.195471224937686733e-03 -9.913085299872043121e-01
7.690775275237583530e-01 2.650506067445808633e-01 -5.816080574770884359e-01
6.370535627539136714e-01 6.011212382389951037e-01 4.825101191898077402e-01
-7.481562627812455846e-01 6.116941243562558084e-01 2.570846255403717584e-01
3.379136855265931216e-01 -8.024627539975054402e-01 -4.918006400774341813e-01
-3.983420617103111683e-01 -8.033627586034515211e-01 -4.426419319963158516e-01
8.904409686577090255e-02 6.587115023321250540e-01 7.471079610797318749e-01
-3.144555884729077766e-01 -3.816415483714972745e-01 -8.691762832905437497e-01
7.817218152696190359e-01 -2.398747147007304070e-01 5.756484385272098159e-01
2.631121430971531533e-02 -7.704487159692974263e-01 6.369587867851492780e-01
6.346231211982833464e-01 6.604572197670536271e-01 4.013100483393391982e-01
5.109134671074844203e-01 -7.682495848107152581e-01 3.856941852898136958e-01
-1.771536879067931447e-01 7.134721936540591725e-02 9.815936761969522584e-01
-3.022287814277002105e-01 -8.962551723951427407e-01 -3.246296807620650537e-01
-2.545853787277407299e-01 3.819507095775947492e-01 -8.884255401502281213e-01
1.170529438237448566e-01 8.404191721438369900e-01 5.291448038441488588e-01
9.379687935516692887e-01 -1.164448501352663007e-01 3.265809841374747169e-01
9.629723563134331421e-01 -5.724657299855053644e-02 2.634522174058815391e-01
6.466693984999967448e-02 4.431840338166364440e-02 9.969222968778143068e-01
7.925753141225498899e-01 -5.134702761939421434e-01 3.288961035172931480e-01
-1.440711652647801433e-01 6.512556952337499316e-01 -7.450567218439502204e-01
4.759961230333932258e-01 -7.828672876419499049e-01 -4.006825436643269289e-01
-2.223309024240545106e-01 -6.231225742797198430e-01 7.498581380836782939e-01
1.346595388310719288e-01 1.198410370280272863e-01 9.836182869618935731e-01
-2.686300695607677161e-02 2.851673279449588594e-01 -9.581012336543618391e-01
8.043871488734050113e-01 3.890062433335474967e-01 -4.490383696020145976e-01
-5.920459319717304991e-01 7.041203735571009981e-01 -3.920409595661321078e-01
6.514593474763054060e-01 -3.501312127620877512e-01 -6.730593231175806546e-01
-9.421240479368906406e-01 -3.350777867573798141e-01 -1.118727494895717031e-02
9.242356558859214921e-01 2.808752250132204309e-01 -2.586456269935631380e-01
-3.425380159857378537e-01 -9.381055568791021315e-01 -5.124130908850763749e-02
-9.019085186659535625e-01 3.297434941067690639e-01 2.789807377795899823e-01
-4.066389817498102660e-02 -4.999572816923392171e-01 -8.650948872048785931e-01
6.909423543675241586e-01 7.228997782069593869e-01 -3.817539703986793341e-03
-1.946857911208436931e-01 -8.545321783524654213e-01 -4.815310985760332674e-01
2.845849935878171366e-01 4.282469512476285156e-01 8.576805525204201919e-01
9.884978993668062097e-01 9.850820781300330398e-02 -1.147520629046877988e-01
1.082672753215697808e-01 -9.805242587460318848e-01 -1.638608406697230069e-01
-1.317567151057816022e-01 -2.278261812424400290e-01 -9.647462874585321924e-01
-7.344501369582435713e-01 -6.495508931581783774e-01 1.966383317652737051e-01
9.996881245518702830e-01 -2.242054530630753495e-02 -1.099876257277553580e-02
2.157667258247704736e-02 4.349866952529367059e-01 9.001783279735173782e-01
-2.283058091172535387e-01 9.695342093575454179e-01 -8.876865667990779807e-02
8.737635958252401025e-01 -4.450730081661716797e-01 1.960795655147710981e-01
5.982125023520411533e-01 -4.417990861061203978e-01 6.685472081652170662e-01
-1.294939139857566035e-01 8.979631690158416113e-01 -4.205870579697816303e-01
-3.198673557606752649e-01 4.265483740294988002e-01 -8.460149876517935041e-01
-2.238351980373207428e-01 2.043354829606059686e-01 -9.529663239185576229e-01
-3.606809411672843302e-01 2.409778752750247055e-01 9.010210443195078023e-01
-3.997237621961436393e-01 -8.806712480459724102e-01 -2.542421420632506868e-01
3.731343759448417507e-02 3.879161265200611886e-01 -9.209390784197151181e-01
-4.603715751839922328e-03 9.894886292895145319e-01 1.445373941512505811e-01
-6.320393372356124251e-02 2.371898528074208035e-01 -9.694050941103320440e-01
-7.324829265904529985e-01 6.755682871385922939e-01 -8.412045925999993290e-02
-7.728143935217522964e-01 1.022526326119742035e-01 6.263404124671557716e-01
-2.649175532132865343e-02 7.368611414931404147e-01 -6.755248663501745021e-01
7.112872220053366723e-01 -6.093774580852535649e-01 3.503278484355562550e-01
3.479541948397365525e-01 4.573962856426849743e-01 8.183620935586556344e-01
3.015861215789255034e-01 -4.893977891315333117e-01 8.182515598910575783e-01
-8.042181679181552578e-01 5.217773682538303648e-01 -2.845725151318594937e-01
-8.841087110253622594e-01 2.847967618511422216e-01 3.704626722467138644e-01
9.421769671049181616e-01 -3.322096911496328353e-01 4.403729968156230856e-02
9.269502967040579300e-01 2.024814376555054141e-01 -3.158550535375664881e-01
-5.321700705444456503e-01 -8.308355250217921428e-01 -1.628107686195327808e-01
3.581702664749275011e-01 -4.678659386961582789e-01 8.079700016839994614e-01
-3.464452951896141442e-01 4.949884235766026097e-01 -7.968451028688894322e-01
-6.073010263896373023e-02 2.763436081336799188e-01 9.591381886241002741e-01
-5.227219686634890783e-01 4.979130500280130600e-01 6.919857932706188208e-01
-1.088918094912660339e-01 -9.787508316426979382e-01 -1.737509234060206076e-01
8.787667474864118144e-01 -4.301040437585951226e-01 -2.068320938700212996e-01
9.666804283387392394e-01 -2.330975315980330365e-01 -1.058040180226418048e-01
-4.119068864189949775e-01 -4.741679213394379977e-02 9.099914091596335020e-01
-6.920896707759862654e-01 -7.172548831531732061e-01 -8.097728198769608976e-02
-3.074994336815349283e-01 7.501869470159377995e-01 5.853747883300421950e-01
3.991301281312538141e-01 2.985033512137232337e-01 -8.669434180683913693e-01
-3.368857630129045155e-01 4.000879168849135192e-01 8.523131123254550356e-01
-8.680282230140929922e-01 -1.488374364635319247e-01 -4.736817724569526988e-01
-8.215511231731750241e-01 4.486126162806649553e-01 -3.518529131991257053e-01
-1.536956457852586277e-01 -1.164681371443671148e-01 -9.812302591628394577e-01
-7.851895212436392768e-01 -6.078514522909909124e-01 1.182963552985373951e-01
9.608481020890998758e-01 6.563688533468710860e-03 -2.769979110112754106e-01
-6.524445813379324832e-01 -2.281802160144533742e-01 7.226685667042447303e-01
1.528134511071428669e-01 -4.371223626396879003e-01 -8.863250471700673261e-01
2.215356888874031871e-01 -5.216789160154537974e-01 -8.238768397850039227e-01
4.580870953275665847e-01 -8.262202812418816267e-01 -3.278967214824493603e-01
2.516729035580221874e-01 1.654958940189623362e-01 -9.535574752879550919e-01
-7.567426390961921046e-01 6.052155827008612876e-01 -2.470924455133895192e-01
8.803245796690353231e-01 -4.678692808308404505e-01 -7.827496716938464605e-02
8.934715963171070696e-02 7.736072971833225509e-01 6.273347071623411875e-01
4.684187801386593963e-01 -8.817182490970115749e-01 5.618519042158972437e-02
-9.136897820473260934e-02 -9.773159450989508112e-01 -1.910634797054833467e-01
8.704282809714561919e-01 -3.475232224324855124e-01 3.486864172221467162e-01
-6.174427766315504496e-02 6.275959524138446932e-01 7.760869569124418943e-01
8.808344331887689727e-01 1.434632927658014423e-01 4.511640332936725506e-01
4.307957608957914686e-01 -8.031754102143063845e-01 4.114903070806123497e-01
-8.974952934018433082e-01 -4.364649142947771843e-01 -6.325011392236443153e-02
6.751929440050913334e-01 -2.295772294982105777e-01 -7.010055520904692195e-01
-5.906386858661931694e-01 5.931667974705836510e-01 -5.470823458463524025e-01
-3.364651572837951132e-01 5.465098151532097326e-01 -7.668886619811220440e-01
4.801138677886363504e-01 2.972874664801990474e-01 -8.252943936746574005e-01
-4.448497588790276819e-02 -6.184254952248832149e-01 7.845833249414050359e-01
7.409329839345875079e-01 2.570638395554416533e-01 -6.204325069746123855e-01
-6.609552931716337065e-01 1.434097777530693174e-01 7.365946891426893295e-01
-7.353872475602417358e-02 -5.164752078003914670e-01 -8.531385676950726804e-01
-9.417807802249497651e-02 -1.116562669214836573e-01 -9.892741620385863133e-01
-5.822447333881760612e-01 8.120063610635995799e-01 -4.045664387937990270e-02
6.149499262432389646e-01 -6.442477590212440930e-01 4.547322434241273803e-01
-2.020932851698193367e-01 -8.699765148416830352e-01 -4.497767976598940343e-01
-5.333140480003482065e-01 -6.979404874091547084e-01 -4.779698758714338025e-01
1.804623514316269217e-01 -1.250590881155066170e-01 9.755990796405488164e-01
-5.178696850708188748e-01 -7.820805685849888667e-01 -3.466424289183761553e-01
4.443139749570235164e-01 8.395183876554557223e-01 -3.127202718825141670e-01
-3.146401456672416885e-01 -2.619228309711446601e-01 9.123584873012133833e-01
-9.081225440507275648e-01 -3.278469541071291626e-01 2.604415859065373207e-01
-5.958821592555512137e-01 3.459181562061819926e-01 7.247517378301738811e-01
4.063725106518611963e-02 -9.844111752191371245e-01 1.711234990570917880e-01
6.701783258483042793e-01 -5.680150903966056930e-01 -4.777236320770619771e-01
-8.271319455703991519e-01 2.274078861978777177e-01 5.139439637858774779e-01
1.394734918453816308e-01 -9.838631643213194833e-01 1.120732749771169434e-01
5.367428971313397135e-01 4.745546723235111730e-01 -6.976424050722410675e-01
5.708733495630693433e-01 -7.689921157230169557e-01 2.876712441563800127e-01
-3.772498274931013196e-02 -5.237356106808984668e-01 -8.510451432099653823e-01
1.743098998731657245e-01 -6.408379104746373400e-01 -7.476247931313589890e-01
-7.328186279366625255e-01 -2.171479770676077448e-01 6.448438683933291893e-01
-8.663657713569262731e-01 -3.865467776381850129e-01 -3.162150200712379178e-01
-3.830846468417038464e-01 -2.482951398834534196e-01 8.897166272833296752e-01
-6.730877428972276144e-01 5.274210813006162679e-01 -5.184398647492343137e-01
8.454744942691585496e-01 -9.630833295664609217e-02 5.252595401736387393e-01
-6.654109257874445404e-01 -7.388869282030327001e-01 1.061810113597656674e-01
5.816867416136140001e-01 7.864402512932237022e-01 -2.077312344756746254e-01
-2.850157330690301638e-01 1.170841075105418932e-01 9.513450182092630936e-01
-7.472261126417522048e-01 -4.935592443633832899e-02 6.627345843618920318e-01
-3.249396177575142874e-01 9.456994030858707490e-01 -8.178252541239546675e-03
-5.212805747008291135e-01 1.155431184791553961e-01 -8.455272616608437986e-01
8.722576401605961482e-01 4.805060450269690864e-01 9.099752674665456675e-02
2.847501857235472111e-01 -9.460463881858478530e-01 -1.546401084160163864e-01
6.012452544108842778e-01 -1.286306600423538782e-01 -7.886433270785085936e-01
1.975723457238670877e-01 -5.654489723638311816e-01 -8.007700218276507798e-01
-4.185052187688460545e-01 -6.990583866074367991e-01 -5.798023404377112833e-01
-9.608760751480059925e-01 1.875217642441601162e-01 2.038449316095962693e-01
-4.817528658995441360e-01 -2.696027409276360309e-01 8.338036569132339926e-01
-7.061253492823372779e-01 6.644424900916772181e-01 -2.447512379165196761e-01
-8.611085309832116064e-01 -8.560582159783605705e-02 -5.011623900259223330e-01
1.040178903578648922e-01 -2.372951497109051788e-01 9.658526235452167263e-01
-7.312249387556339908e-01 -5.030749435301797856e-01 -4.606795959600618051e-01
-3.089114953014927556e-01 9.447262064220882660e-01 1.098457234940246746e-01
5.445981191679112321e-01 -3.797757716355802948e-01 7.477855654379623740e-01
-5.964053498279057175e-01 6.703702462636575987e-01 4.414797748720282189e-01
8.270236734936931011e-01 3.220973848290205055e-01 4.607440918419934417e-01
6.523327843087693978e-01 -4.029083922921598560e-01 6.419710008532437673e-01
7.728116699685529944e-01 -5.492755895435745828e-01 -3.178969164555942029e-01
-7.367142728071903734e-01 -6.341105474901566064e-01 -2.348529195132706693e-01
-7.400445719280798196e-01 1.446091184360393800e-01 6.568274007872513254e-01
-4.157788253904247666e-01 9.071722139085482972e-01 -6.454876194956514490e-02
-4.014490036932998329e-01 -5.696576343507683271e-01 7.171672587754849282e-01
1.896648712424164052e-01 -6.989030103108909708e-01 -6.896099033475173723e-01
-7.264462489819331070e-01 6.721108274765682511e-01 1.433278860823741230e-01
-8.311857416404110355e-01 5.414771020460913409e-01 -1.262252385755184558e-01
-8.854848914455089037e-01 2.784455967533881471e-01 -3.720007482121300280e-01
-1.297541747259486067e-01 9.404092493013191945e-01 -3.143156024916951563e-01
-9.491004210434743349e-02 -8.094017578582566319e-01 5.795350535418155591e-01
-4.499811092871704998e-01 6.264884303784246100e-01 6.364190819630295426e-01
9.883726767351015408e-01 1.338143166166560205e-01 -7.220235835419595849e-02
-1.887821448043060790e-01 -1.010174248656350582e-01 9.768094909840924212e-01
-7.772190871630475506e-01 1.272057288559243216e-01 6.162379354564859746e-01
5.853194867937315804e-01 -7.862256646455175746e-01 -1.981168913349814209e-01
-6.840550420870197268e-01 -1.239273610364584888e-01 -7.188259236991004775e-01
-9.519189558583341926e-01 2.122820713890785083e-01 2.208769423102854568e-01
-4.424447136508590228e-01 8.562803211783551749e-01 2.665083243073322339e-01
-9.377451611442791934e-01 -2.885134856155980865e-01 1.933752346305702974e-01
3.305526873882966843e-01 8.126605576319644308e-01 4.799143037352395780e-01
-4.774229772519472115e-01 8.752994359755968956e-01 7.692982628791522615e-02
7.752347469933787982e-01 1.896387786017679489e-01 6.025348294534860205e-01
-4.966691308934874094e-01 8.605205756654804583e-01 1.132436014698303267e-01
6.543397464595577251e-01 -7.548074151884969218e-01 -4.588313611450045570e-02
2.775688224484371136e-01 -2.506855699615892497e-01 9.274223923421416327e-01
9.313692395545375424e-01 3.121284054784721484e-01 -1.874225122685871381e-01
7.497137281657577645e-01 -4.398983962219616406e-01 4.943872235415741612e-01
-1.443966243843304402e-02 9.947656292774581521e-01 -1.011574958017787546e-01
-5.185217476181926965e-01 3.447510928677365721e-02 -8.543691614791818489e-01
-7.310651747602030237e-02 9.918215424395060431e-02 -9.923801375390669532e-01
1.274645405451506619e-01 7.813305864993222993e-01 6.109626056513105530e-01
-3.912771902768210630e-01 -5.326864797075604729e-02 9.187298903989375987e-01
5.046434641613828376e-01 -1.399706487587007442e-01 8.519056236258024661e-01
7.377852484877254202e-01 4.859714788974319188e-01 -4.685132322700695240e-01
5.667414647540220951e-01 2.201154348067528577e-01 7.939479249222202162e-01
-5.077102996592389728e-01 8.380208316276519520e-01 -1.998783064217429517e-01
-8.447042389187435774e-01 -4.233402727919490238e-01 -3.275023086714725085e-01
8.297650706138890442e-01 1.793921845155599659e-01 -5.284963308518453307e-01
-5.155338561009050746e-01 4.866604163601856992e-01 -7.052563238722938666e-01
-5.472200053050257917e-02 3.640990157289021312e-01 9.297512621143273481e-01
-6.048538325157885032e-01 -8.321155199755687903e-02 7.919770696839147917e-01
-2.899074839003319415e-01 -1.728916051857174174e-01 9.413087398058539446e-01
-7.519134212792405458e-01 3.876985095740351217e-01 -5.332129711233767333e-01
2.863804632805916905e-01 1.201798560633941942e-01 -9.505488059262268141e-01
-2.652953163887287746e-01 -8.304511026153257314e-01 -4.898666770328372055e-01
-8.046923413635221900e-01 -5.611530658704905195e-01 -1.938490970188961326e-01
-5.843904774178991790e-01 7.868409624673868841e-01 1.984164047821551091e-01
-7.893707496667973222e-01 -3.406503308079074643e-01 5.107359118868983749e-01
3.647404189585482515e-01 -9.115969677674079508e-01 1.896190790379758684e-01
-4.100006200083006758e-01 7.384045221913143608e-01 5.354047564228633371e-01
-9.187571352192720475e-01 -3.908876725643243843e-01 5.560713911829782280e-02
-7.039350789393551688e-02 -8.866474525225560566e-01 -4.570569428218415609e-01
-2.274172194033270422e-01 9.387405025633902556e-01 -2.589356622134008079e-01
-9.925621882288618858e-01 1.157550509649990372e-01 -3.769709106050262576e-02
1.803302656862929843e-01 9.633160354790016866e-01 1.987541472939109988e-01
-5.798828158891432549e-01 2.781982548241881403e-01 7.657294893428449045e-01
2.343560090998141610e-01 4.967506924609955132e-01 8.356530443541323461e-01
1.469739287865771959e-01 -6.633993898462627881e-01 7.336892488026823811e-01
-9.305710958372763741e-01 -2.622465854436338284e-01 2.554685186385313722e-01
8.505898661278759043e-01 3.797870741994849864e-01 -3.636738345159810648e-01
2.718197642560402083e-01 -4.311547358351948689e-01 -8.603601626799524116e-01
9.783386183774283040e-01 -1.788963526156553963e-01 -1.041616187093870188e-01
4.934000744087035928e-01 -8.221584538763361261e-01 2.839222486758625208e-01
9.146375865885043588e-01 4.040245675701206740e-01 1.422090008871438813e-02
9.563056494877553160e-01 -2.101946800507109026e-01 -2.032183585116802138e-01
2.700261186935274393e-01 6.691336531485665429e-01 -6.923482140132686258e-01
9.786009594595463934e-01 1.548440993633869167e-02 -2.051838083128843249e-01
8.644573873488219096e-02 -8.725965279870580016e-01 4.807311448195466519e-01
-9.745118978018012523e-01 2.039991170238298068e-01 9.333231646235641554e-02
7.563779500338074779e-01 -3.584910191018651493e-01 5.471531649601973912e-01
1.443139214464026487e-01 -9.065504745877221993e-01 3.966607229125881928e-01
6.486460391232385936e-01 -2.143376767014035511e-01 7.302860236071744282e-01
1.315590946893643309e-01 -3.794803327252839753e-01 9.157984940363370630e-01
-6.604339742835197979e-01 -6.437660760760409440e-02 7.481193875345107935e-01
-8.856212698057172039e-01 3.939539847116118043e-01 2.459171087939021894e-01
8.881899685629758290e-01 4.425215634336921999e-01 -1.236658628737167115e-01
-7.074410659176584293e-01 6.727465229803731850e-01 2.166546885509419151e-01
-9.851459545542443630e-01 -1.420980353498143001e-01 9.641367421237340141e-02
-8.167714328801144452e-01 4.641053443855477911e-01 -3.427690997504538872e-01
9.370831773533404574e-01 1.288036576133008149e-01 -3.244760954320105029e-01
4.249007341055848624e-02 8.016237514678321505e-03 9.990647294333203643e-01
-5.475122750211602884e-01 4.761910414222244453e-03 -8.367841017313607521e-01
9.363766342608584869e-01 3.248593387786371522e-01 -1.329105293745133365e-01
-2.099617658116678942e-01 4.714872840953140409e-01 8.565137464359057207e-01
-4.860204778256624336e-01 -8.201408292746755757e-01 3.019157420386727186e-01
-7.160471810656436897e-01 5.754715277799135054e-01 3.951062581162154141e-01
2.437880309948575186e-01 -9.531555679170263806e-01 1.790582566999393277e-01
5.476128758050019529e-01 8.289795800810455528e-01 -1.136353556831192491e-01
8.038551202730183087e-01 -5.936094689297776172e-01 3.800978831509625733e-02
8.467554878718801525e-01 -1.137467281897524690e-01 5.196795412415048387e-01
-9.479854189161629474e-01 -3.070106730428889263e-01 8.407194633228808056e-02
-4.559676305579051236e-01 1.215704771327422162e-01 -8.816542060088676802e-01
1.371539349225614213e-01 -6.965138986099351781e-01 -7.043132734646186943e-01
-2.080442093862532038e-01 -1.486339084482874717e-01 -9.667603468286414259e-01
-6.050818698851350153e-01 -7.274684445453089010e-02 -7.928327865055890822e-01
9.108401345858359310e-02 -9.275547637072285578e-01 3.624166977614354246e-01
-6.091758424677548023e-01 5.100332932907347683e-01 6.072650431967153706e-01
-1.737149258006085717e-01 9.821819463198182554e-01 -7.170598913272514807e-02
2.639122303431605809e-01 -8.342168269773753142e-01 4.841824245706347618e-01
-6.241103653520524430e-01 7.513367274739161106e-01 -2.144280154478742928e-01
1.141345491700701889e-02 7.382739965992276554e-01 -6.744043586693824199e-01
9.822037441376059164e-01 -1.734947761650810494e-01 -7.194002811715238810e-02
8.878359864743089469e-01 -4.312405347252845078e-01 1.605579718701053427e-01
7.033863517935220466e-01 -4.609494152363913799e-01 -5.410852767391002294e-01
-9.039737725749562580e-01 4.193607269030931728e-01 -8.347454239413842902e-02
1.811041281531772240e-01 -9.793854856007035981e-01 8.947270735007217812e-02
-5.315193906561956755e-02 -6.113655416067756976e-01 7.895612996527999750e-01
-9.893819911543001444e-01 5.515749134219749376e-03 1.452337842619288444e-01
5.974949730654339763e-01 -7.034038553780861402e-01 3.849971083018429718e-01
2.668929582059511099e-02 9.530369059028724887e-01 -3.016758814948261036e-01
-9.739482760581401610e-01 -7.253007770229066842e-02 2.148584263925355786e-01
-4.356176962155685617e-01 4.053336504267368579e-01 8.037050793516091751e-01
-3.875144480161885063e-01 5.815661139083976305e-01 -7.152715622280768626e-01
-9.492669499336265915e-01 1.537990359943582908e-01 2.742956694716775501e-01
-2.407250529766312985e-01 7.148291710804971499e-02 -9.679574584820976879e-01
1.513730768418373729e-01 7.488004411034586694e-01 6.452783050829316025e-01
5.010242294047468903e-01 7.684189536160871414e-01 3.981294177436997539e-01
6.897151009259488985e-02 -7.702958916691602376e-01 -6.339457153993236505e-01
1.557461000941779139e-01 1.778245762183728318e-01 -9.716591853104722398e-01
1.312452416364141838e-01 8.108938309138389311e-01 5.702857893492327968e-01
7.928380989516504718e-01 -2.045888236413655747e-01 5.740654684718241585e-01
-9.540456816410395335e-01 -2.440166297067201673e-01 1.739330956680117668e-01
-3.288780353908197784e-01 -3.364032049876236607e-01 -8.824240032498716912e-01
1.206294897281133399e-01 9.845120012276367127e-01 1.272188887181792960e-01
-3.481182430375722170e-01 5.123649320640416560e-01 7.850451358077724651e-01
4.904124197723302298e-02 -4.401953665284262518e-02 9.978262559074096982e-01
-4.305480033250171368e-01 5.825090661702092554e-01 6.894284623239397281e-01
-8.220334476758791586e-01 -4.790957104257750343e-01 -3.077796470751912317e-01
-8.733259231351779839e-01 -4.739203110591661550e-01 -1.127003582322268771e-01
7.441771905223826256e-01 4.437078147074448586e-01 4.993232262510500230e-01
-9.565084206266570854e-01 2.078145409574876090e-01 -2.047065163518904662e-01
9.069152092461241210e-01 -3.307507337367062705e-01 -2.609765418015369542e-01
-1.501030630491570483e-01 -4.972458879720078606e-01 8.545265340281659183e-01
6.320274154717779869e-01 -6.480440827888432898e-01 -4.249473059738478331e-01
-4.163816262566925053e-01 8.305810000514528557e-01 3.698128495189973997e-01
-9.116062152470121305e-01 -3.836174780974216936e-01 -1.476879779169329998e-01
-5.073097379921792660e-01 -5.911645132735512398e-01 -6.270257953101704418e-01
2.745064927494588747e-01 -5.368502530005603290e-01 -7.977706382736992063e-01
4.294285751150921926e-01 4.938182666395492526e-01 -7.561313499701839413e-01
-2.428316877701229837e-01 -5.451873919477345787e-01 -8.023736530295225711e-01
4.783747627620854592e-01 8.448738450109609666e-01 2.394697733926210714e-01
-6.058501559702512695e-01 -1.693194840323305472e-01 7.773522373016287235e-01
-3.768633720922574537e-01 -6.430623867597246024e-01 6.666669074658940763e-01
4.138571869662310138e-02 -9.948413345694452348e-01 -9.261717616106170115e-02
-1.752727380390776968e-01 6.360933722525486944e-01 7.514417403077002788e-01
9.617880277026757962e-01 -7.594701891548193140e-02 -2.630510218296980840e-01
-9.091206105768266932e-01 2.610717975141410574e-01 3.245631401856239884e-01
6.610044073287851818e-01 3.108330272900428071e-01 6.829758433778087001e-01
-7.143542679670497053e-01 6.306504694035900416e-01 -3.032786924238037307e-01
2.412698056169596539e-01 -2.504413805172583385e-01 -9.375862604700243574e-01
-2.625038663530868677e-01 9.268634617612324655e-01 -2.683576781120023957e-01
-3.440401036263719958e-01 -2.434645055829856575e-01 -9.068414644346537434e-01
-9.664323356088551087e-01 1.707690176764329326e-01 -1.919543781512664249e-01
-7.391031645696160002e-01 -5.916200192183678208e-01 3.220438867347698575e-01
-6.850540361801098488e-01 -1.926780516954310629e-01 -7.025497390990858015e-01
-8.684274009645023273e-01 4.593557206902977585e-02 -4.936838790893727791e-01
-7.657387956601376944e-01 5.613807141605060558e-01 3.138403903094725278e-01
-7.535495716295296242e-01 3.747961842870498050e-01 5.400841261700072282e-01
3.019917756151724308e-01 3.817999256573281763e-01 8.735157607214961706e-01
9.886717268718940854e-01 -6.303650057831826359e-02 -1.362153298237275267e-01
4.308288414941231076e-02 -9.952167191551324343e-01 8.767865765089276342e-02
9.076570012337554783e-01 -8.339871310080532174e-02 4.113434365156150019e-01
-7.841395309382634959e-01 1.931707491146627820e-01 -5.897544045671893054e-01
7.682219114293310502e-01 -5.758085337204843501e-01 2.797849661696120704e-01
8.497451919089161754e-01 3.330892683613547178e-01 -4.086375510524903332e-01
3.547467242981506286e-01 -4.941615265001370050e-01 -7.936996581369972770e-01
-1.677418487097747657e-01 3.463088851385170419e-01 -9.230020738143248638e-01
-7.483812929947474268e-01 1.714078501503660257e-01 6.407376914169633508e-01
6.832855079504682183e-02 -6.483291916790493437e-01 -7.582878532345348477e-01
1.819712144213197769e-01 7.939503427189994467e-01 5.801114810262019139e-01
-3.895504135821120095e-01 8.887717137547626045e-01 -2.415270504672876462e-01
-9.965968242847383918e-01 -1.644895006147912425e-02 -8.077253163947022141e-02
5.436869854644735822e-01 5.017756910419294281e-01 -6.727745667873805679e-01
-8.573077520976622734e-02 7.509213495514324155e-01 -6.548032994493749870e-01
-5.728227509722439575e-02 -9.966730668370556989e-01 5.797877888765680388e-02
7.480064661495826606e-01 -4.892897819186527997e-01 -4.484214935843402472e-01
-6.033234546824550737e-01 7.928637726894014470e-01 8.583616363023734153e-02
-3.764036672652372462e-02 -8.282482136160883579e-01 5.590957873517304888e-01
-2.897150100341104872e-01 -5.097697940967624991e-02 -9.557544457292368456e-01
7.359369347844735287e-01 2.275719639776750680e-01 6.376580817580667082e-01
-6.742744040847193920e-01 4.670952337579668545e-01 -5.719930686614890236e-01
3.931533611604548506e-01 -5.733785366353071344e-01 -7.187958599868189413e-01
8.819501267767937414e-01 5.998906161729906927e-02 4.675096644612530272e-01
1.784088204065111261e-01 -9.839331280370885446e-01 6.774389441664801538e-03
1.482506482237189449e-01 -1.490529827989333679e-02 -9.888374878535068913e-01
-3.798662229576231231e-01 -4.427698281332039243e-01 -8.121924229828805242e-01
9.435950432043626046e-01 1.387757645197182366e-01 3.006155046269651243e-01
5.619405800262862183e-01 -7.364143700686366367e-01 -3.767182768012907190e-01
9.880426970545164167e-01 1.538156975236922852e-01 -1.059999964797749515e-02
9.304199764666026828e-02 -1.847935160241789554e-01 -9.783631959090346442e-01
-2.277583473554148086e-01 -3.396914335913899796e-01 -9.125436236994681760e-01
1.677323658822911789e-01 -8.809840814328449010e-01 4.424171127990593755e-01
5.951650901738732014e-01 4.402793273745168601e-01 6.722593467739725881e-01
-3.991566211817486054e-01 -5.866461131920618355e-01 -7.046419868581609292e-01
4.027901609566409413e-01 8.889311034507653142e-01 -2.180861746061131534e-01
-9.780942724687048395e-01 5.403428857569281263e-03 2.080922803001018784e-01
-7.036876128888315263e-01 -1.642778949609693118e-01 -6.912572001028349788e-01
-9.797798330069404926e-01 1.637609887193483549e-01 -1.149513697463115935e-01
1.877226215368478779e-01 4.183322682441050211e-01 -8.886834817352439186e-01
-7.738459105928616744e-01 1.797597054323875898e-01 6.073293628349990536e-01
-1.492028724166510334e-01 5.537381824932390284e-01 8.192145800165575587e-01
9.921160836531194294e-01 -9.055655768421322360e-02 -8.663247899709555777e-02
9.376508700866553747e-01 2.109951486386056063e-01 -2.762098714324139337e-01
-3.538610103433581511e-01 -9.164378713158908285e-01 1.868796762004275303e-01
-9.450470230341653233e-01 3.265479396738830697e-01 -1.589236763367697994e-02
2.194686421439636936e-01 8.238342566251334320e-01 5.226190129782868343e-01
8.213700341765201030e-01 1.647213750621646378e-01 5.460935227179423146e-01
9.161018857494185319e-01 -2.645176865060762106e-01 3.013100204968838236e-01
-4.690878803929656726e-01 8.818033508143519050e-01 4.877920623601688516e-02
-6.050872423166357983e-01 -5.674447548116411388e-01 5.584584849587347355e-01
5.794089093533284496e-01 8.009479379080617356e-01 -1.508897495617576578e-01
2.529312483143046353e-01 -8.112729723968347129e-01 -5.271261214212137336e-01
3.632367823749134139e-01 -3.665971545935686193e-01 8.565427987986466984e-01
-4.544146271425784089e-01 -8.788134297315186583e-01 -1.455826307029668421e-01
5.919607018575074875e-01 3.024291665825160624e-01 -7.470737089849781576e-01
-8.532364460515916571e-01 4.354313778596474727e-01 -2.870315005439268430e-01
-9.914484489686564705e-02 9.498182314695368111e-01 -2.966742774465928045e-01
8.769540008219877114e-01 -4.392688460545741691e-01 1.949219364981580882e-01
-5.817416689720007472e-01 -6.452019097247254642e-01 -4.952687414618838213e-01
8.637920412204166398e-01 -2.603831924267264730e-01 4.313512520277789086e-01
-5.182069853811330784e-01 5.073242004429361351e-01 6.885373453540002409e-01
6.155376351309836958e-01 6.104886958590157731e-01 -4.984144580223512921e-01
1.244108393188175926e-01 6.004533755508398851e-01 7.899225828203605415e-01
7.466881965849294644e-01 -4.670930221190198184e-01 4.735829872033693877e-01
2.191418441937312833e-01 5.586166192966678379e-01 -7.999527015823699738e-01
7.300255636064796327e-01 6.675651079652151765e-01 -1.463540334546075405e-01
4.405743191425400829e-01 -3.276093823490134893e-01 8.358028247792569365e-01
9.341141473723042488e-01 2.690230909695393025e-01 -2.346429973472638486e-01
-8.673546365927212731e-01 3.628736626238327490e-01 -3.406150897348398376e-01
-3.433398417478628062e-01 9.619749705523387984e-02 -9.342717991188970172e-01
8.934353149817462203e-01 1.545248321394693536e-01 4.217764979177202056e-01
1.061557476530001071e-01 6.949282737851510960e-01 7.112001487163952529e-01
-3.738903278504577266e-01 5.457893701786453722e-01 -7.498799811569014651e-01
2.028051038566489883e-01 2.409764303015990705e-01 9.491050784232440973e-01
1.556923339677740263e-02 -9.101258346453100501e-01 -4.140393267343263628e-01
4.650797054699878363e-01 4.743796852621089966e-01 -7.474388147337357458e-01
-1.545387931103968382e-01 6.141501840181293748e-01 7.739104036608369652e-01
-1.294289810383391359e-01 1.920154027412443731e-01 9.728197284068076378e-01
-9.980197965532574544e-01 -3.368103428846750541e-02 -5.312319283565154066e-02
-4.555478869526374819e-01 -3.106366719570121115e-01 -8.342547457032886138e-01
1.375717690854023345e-01 9.766678173470332291e-01 -1.649059820300498858e-01
5.842646094389611910e-01 5.600693490922860063e-01 -5.873305631111674918e-01
-3.812214393833994186e-01 -3.416285150625612554e-01 8.590460824953444208e-01
4.271857128965649841e-01 -7.612607025908091352e-01 4.878468093449020437e-01
-3.654389641513647313e-01 2.393009619215608619e-01 -8.995495612268360475e-01
-8.486031663427937022e-02 4.888647967194116872e-01 -8.682222855865990851e-01
2.665240153678609114e-01 7.933409779437426701e-02 9.605576766438050917e-01
6.469153176149547990e-01 -1.497560799687646382e-01 -7.477123031939029163e-01
1.352499143921990776e-01 9.832713388037400692e-01 1.220038316775474418e-01
-4.955742021442482992e-01 7.534708315431515313e-01 4.320739707304335764e-01
2.973100963463474744e-01 -7.178793316748530717e-01 6.294886589642355590e-01
-6.171704747128609059e-01 9.176095877586677718e-02 -7.814605118540768336e-01
-2.238272305000965634e-01 -5.101172880791687847e-01 8.304707841275398295e-01
7.379503553316318909e-01 -2.296804781201036982e-01 6.345676883016019287e-01
-9.105843098260412161e-01 3.867378840302937437e-01 -1.458424621103304730e-01
6.233454098444690672e-01 -7.593348608055549009e-01 1.866844106808049353e-01
2.560508781284316915e-01 9.636365787877121392e-01 7.643619451524671926e-02
-7.271918770057492765e-01 6.716192600905102061e-01 1.418433766248200500e-01
7.537943372561567434e-01 3.247790795140633735e-01 5.712378196780648620e-01
-4.852014643138465311e-01 -8.024762136445046101e-01 -3.472916145870477145e-01
-3.384893519897545500e-01 -4.686499924020119945e-01 -8.159608711275010418e-01
7.107607035942762330e-01 6.016653539278246088e-01 -3.644420723641481619e-01
7.646695355849000286e-01 -6.252648752328398007e-01 1.559626145857866686e-01
-1.661085977816294801e-01 8.512049689955464293e-01 -4.978534267234804300e-01
2.639922554642442076e-01 2.367912187975516058e-01 -9.350069559929868879e-01
-1.866804824133378848e-03 -7.024825577732231041e-01 -7.116985113544490593e-01
5.140284215202323148e-01 -4.209989813100134537e-02 8.567393888731729135e-01
4.707414341265768742e-01 -3.563883998371746853e-01 -8.070872385671525873e-01
4.150718555139265020e-01 -7.564039156753944448e-01 5.055378038397888574e-01
-1.825018632060357304e-01 -9.814780595189349643e-01 5.825709063514347003e-02
3.707117679518671105e-01 -2.092788743574806876e-01 9.048619440830004690e-01
5.630956801042497073e-01 -5.672058645547071176e-01 6.009998022151751274e-01
-4.349280934658390931e-05 6.935765288199271517e-01 -7.203829514768351761e-01
-6.696339772027689596e-01 -7.286166964633659093e-01 1.439029054967717325e-01
4.780140835709774660e-01 -1.255213443026374220e-01 8.693370623827429977e-01
4.294737733264203383e-01 -5.208019488538652431e-02 -9.015763591207717198e-01
-4.515896295720664977e-01 -6.765661257014967678e-01 5.816571877113100308e-01
-4.206654573413859399e-01 -6.945476996156964011e-01 5.836472101863480200e-01
5.342773298765549767e-02 -9.781388028735238382e-01 -2.009725345935347018e-01
9.316139803089018567e-01 2.273260210012423843e-01 -2.835811557010580741e-01
1.556184900566902618e-01 4.901752451097970420e-01 -8.576194462779083150e-01
-8.479410356838711360e-01 -4.075686867136283364e-01 -3.389450775773150126e-01
9.427450205696763508e-01 -2.834968942816911142e-01 -1.756739511814889021e-01
4.688935694134570009e-01 2.359788067348763396e-01 -8.511479444460237076e-01
-4.412730469520110277e-01 8.953693285878103758e-01 5.993215712705292353e-02
-7.402504412982534587e-01 6.561611260876407670e-01 1.465669156704202392e-01
7.120421000396700562e-01 5.694701318778675470e-01 -4.107308323830833330e-01
1.117832481886182894e-02 -4.103728167262343240e-01 -9.118493276558471416e-01
-4.959848453361458964e-01 -8.364859292769428745e-01 -2.330028397221130809e-01
-7.076213048435374686e-01 2.129442015802200661e-01 6.737409412711179435e-01
-1.814060623065449629e-01 -5.410852365305581779e-01 8.211690492018705045e-01
-5.644861461291711402e-01 6.434500249266801308e-01 5.170371903935836455e-01
-2.576533266364887109e-01 5.652010053411800072e-01 7.836852600594644835e-01
7.874245359142025003e-02 -9.227090185147484025e-01 3.773694385531939921e-01
4.036980639102624724e-01 8.769635351928452005e-01 -2.606968184254901399e-01
5.920662497205068098e-01 -7.391939931595571389e-01 3.210137012943888868e-01
2.871947083144358315e-01 -4.266834130254461566e-01 8.575899163149847126e-01
-6.987814545825788981e-01 -3.771089981516320133e-01 -6.078595908962263206e-01
-1.329404809998334658e-01 -9.703670331504834490e-01 2.017787141555358321e-01
2.971963996507165917e-01 -3.241595793062632819e-02 -9.542659512452968951e-01
2.438079903033923412e-01 -5.242297368900729060e-01 -8.159294374052119547e-01
-4.902059370753837908e-01 1.082825764442674893e-01 -8.648543362293076298e-01
6.061851401318352206e-01 -7.580827156121144883e-01 -2.405206273347657575e-01
8.612922454964176966e-01 2.392916556677476270e-01 4.482356203778617432e-01
5.168709132716661214e-01 -2.885959472108897139e-01 -8.059508907291829116e-01
8.509577727065353869e-01 4.097090846173254142e-02 5.236337018662500231e-01
-1.578573703525975591e-01 -7.132297334086611373e-01 -6.829234203094611821e-01
2.648087198353201721e-01 9.636043976290195046e-01 3.664569236886485587e-02
-1.858600245351673119e-01 3.908813098230720651e-01 9.014809221002885176e-01
-3.786980452822873433e-01 -6.535674667434279161e-01 -6.553147006698024635e-01
6.486826178828001277e-01 -5.377310863341763225e-01 5.385686029157138455e-01
-5.305709913959555379e-01 -5.862403276930707730e-01 -6.122227546207621440e-01
3.953160154117921765e-01 2.642666558520447295e-01 -8.797092602466570765e-01
2.369091877197737062e-01 -6.193937433428818862e-01 -7.484820822716127253e-01
7.564510447818498795e-01 -6.085590842060040195e-01 -2.396615486030194420e-01
-4.158842321242502416e-01 9.054809652584182578e-01 -8.452530405213426468e-02
-4.517963381898911779e-01 -2.000976543694104048e-01 8.693911648470240561e-01
-1.158124051506564944e-01 -8.392123132662356877e-01 5.313286930663103647e-01
-6.503973787498342762e-01 -3.932955547699499288e-01 -6.498475639052144759e-01
3.342006404513966356e-01 8.553780678361472267e-01 -3.957755588547323122e-01
-3.566410611816708820e-01 2.942275631190104934e-01 8.867002281381574091e-01
3.895490081997686205e-01 6.029958776383137486e-01 6.961663176007414355e-01
2.847676856381615162e-01 6.652984334288685186e-01 6.901343055473901922e-01
6.568795971769646469e-01 -6.970318311417537105e-01 2.874992542386888283e-01
-3.978625507912151860e-01 -5.819166864858146271e-01 7.092801707839280212e-01
6.414906224052158157e-02 -2.344978921650545112e-01 9.699977507106953833e-01
-6.003744643240758183e-01 -5.965218430047958265e-01 5.326464056067031771e-01
-3.090489017716749887e-01 -7.981980023356149978e-01 5.170770981015839762e-01
-4.151562726664717040e-01 4.223655161789874324e-01 -8.057621485330145328e-01
-9.059098063907228271e-01 -3.821816155867529541e-01 1.823859517414170017e-01
5.167322468814681408e-02 -6.673228354918464555e-01 7.429738293381874525e-01
1.275154071356235652e-01 6.880696409356502619e-01 -7.143528471040914152e-01
7.164883683502498712e-01 -6.963207855847882710e-01 -4.221115470322903129e-02
1.769114951211256392e-01 -9.269454707980219199e-01 -3.308691842118897664e-01
-3.438447682619424906e-02 -1.407175958944972272e-01 -9.894525081877664219e-01
3.287602948225593069e-01 -9.411754577049550319e-01 7.813722776021789218e-02
-7.500963421561648303e-01 4.556231148041914869e-01 -4.793360561652630358e-01
9.950244534260024309e-01 -3.478031509847220870e-02 -9.336309102603744525e-02
5.260196659521183538e-01 -3.020464997455326595e-01 -7.950290705521992907e-01
-4.015429110714636290e-02 -8.881547296964853455e-01 4.577868598195515282e-01
9.029717506186250020e-01 -2.467036850123114633e-01 3.518228380678007361e-01
