-4.419164025005797303e-01 9.030589551318309871e-01 -2.555442898029897658e-01
-1.400605296209537776e-01 -1.174858091579618735e+00 -2.982414807019134750e-01
-3.013068637665204941e-01 -1.292426628806775613e+00 -5.608828707961122095e-01
-2.523501965778947032e+00 1.194065118545756699e+00 6.431014407443225167e-01
-2.412918118058055672e+00 1.465924707749616474e+00 8.629343117787083850e-01
1.449294534988475047e-01 1.631694216025527888e+00 9.187984940848615834e-01
1.170981482776773497e+00 -1.045856644706358640e+00 6.843082330315202189e-01
1.287227912398144936e+00 1.942284345758761743e+00 1.013406240111458301e+00
1.067837092498083118e+00 1.671658439488253878e+00 8.108306966885099332e-01
8.802155109022500312e-01 -2.051732191537694039e+00 1.176633511527088505e+00
4.281776031808924854e-01 2.244817742110291725e+00 -1.007899888948653899e+00
-5.202458475926977632e-01 2.887246351323233373e+00 -6.948346437046987178e-01
-4.817575474973680438e-01 8.166248870125668580e-01 -3.452732402221803110e-01
1.160580369604341300e+00 -1.560911871264180739e+00 -1.076029230669977466e+00
2.051676414306678797e+00 -1.756239420652678351e+00 -9.089790359695297806e-01
-9.539580924229709713e-02 -2.536861362246666474e+00 6.400681135192222149e-01
-1.805106944730740848e+00 6.657236492882359635e-02 1.045148200400955352e+00
7.386836122826869744e-01 -1.815228721773946896e+00 1.022581601762619030e+00
-4.217640103976953991e-01 -1.167674573866748666e+00 -4.504260944631682806e-01
-9.939451007547845940e-01 2.902134035293877812e+00 -4.645937940200963734e-01
-9.071546117743208848e-01 -5.959685845346427424e-01 3.453048024626569901e-01
-3.105968522518323116e-01 7.797216913696162210e-01 3.007195048102810908e-01
-2.048644909354247368e+00 2.347580996770683437e-01 -9.225057719228058062e-01
5.006543225615474046e-01 1.526466041192064971e+00 1.132692597817432478e+00
-1.926863108762701726e+00 5.236228448976235073e-02 -8.000789701393478115e-01
1.289657258830887443e+00 4.740889585469140188e-01 -6.352326612010638085e-01
-1.854670567617065169e+00 -2.595317488934541394e+00 -1.344754012622771389e-01
-2.158878609161912210e-01 -1.361581861490137380e+00 -5.596857532496197773e-01
-3.130634574941335568e-01 -1.159014935198201757e+00 -1.894839046807565985e-01
-8.707854411784299309e-01 -9.365037381139607042e-01 4.270055360582238890e-01
9.473860405488867542e-01 2.249020831364889061e-01 9.733542854393525956e-03
-9.661447812035084404e-01 -6.070159309135353398e-01 3.747628361474160119e-01
-1.891294294300240653e+00 -2.563717227520029507e+00 -1.413237230752812656e-01
1.455776083203498716e+00 1.575331671676044598e+00 8.317527997384077665e-01
-2.474389314692438724e+00 -6.278606283591442461e-01 -7.968465663937793764e-01
-4.894118551990360722e-01 1.117637855035583883e+00 2.790826434592296734e-01
1.051861013355176455e-02 1.431592992666789632e+00 9.541278638637298304e-01
1.433469286665687736e+00 -1.721758513407374513e+00 -1.169944894809483049e+00
2.551666754855884012e+00 1.316304567208634646e+00 8.198360082380544700e-01
7.526445772481379359e-01 -2.435683902316795990e+00 9.843673460913587858e-01
-1.008560619410868053e+00 2.782870652413565793e+00 -4.831024280081518962e-01
-2.525113527211765074e+00 -1.114834260957589196e+00 -6.657682060408960378e-01
-2.170076042080675727e+00 1.874537618086060231e+00 2.632398171978751478e-01
-5.035848007121281888e-01 -3.013797341701214716e+00 4.248349317949460247e-01
8.877848230415891218e-01 2.141947541750887751e+00 -1.145049246492997108e+00
-4.250842944450863303e-01 7.515566452053539237e-01 2.566782870718463117e-01
2.629755645328796021e+00 -8.590077936829372263e-01 -6.458773843698683015e-01
-1.350149975918565115e+00 2.691273962347818571e+00 1.352359676009317890e-01
9.495939530376991122e-01 -1.553432034286100549e+00 -8.931050640441036137e-01
-9.186395751510483265e-01 -6.830059145850456703e-01 2.797167782470462161e-01
-8.204733005802082868e-01 -5.365881599787608591e-01 4.697707570833591362e-01
3.154800680728531148e+00 -1.850156847785567882e-01 4.242979323331590863e-02
1.185272889137011232e+00 -1.195351580049375473e+00 1.135695974901317573e+00
6.462941736374567814e-01 1.613921737170190163e+00 7.736117052017285056e-01
5.099019186209365895e-01 -1.423337813306929656e+00 -1.047772463513765295e+00
1.715702865709701097e+00 1.738928537399964336e+00 1.115248939010736295e+00
-1.446010489928632570e+00 5.841984137931792720e-01 -1.059486280954678561e+00
1.160369407226325977e+00 -1.017401292982111238e+00 1.095123468722243754e+00
-1.858681580772330033e+00 -1.120779726211271615e-01 1.190975324483533271e+00
6.865287786940469372e-01 2.493721450061858302e+00 -9.793744105625090679e-01
-2.175165997183446276e+00 1.011073065680177185e+00 7.510378161589015278e-01
9.410266473034747392e-01 -7.665074246155331172e-01 8.201744008473005332e-01
-1.529929802163019437e+00 2.751329133129329918e+00 -1.720537690210129089e-01
1.178755612368474620e-01 -1.558220893330226620e+00 -9.847452940770663465e-01
-1.887763360761400389e+00 -2.096458134044947741e+00 -4.905086187709570833e-01
-3.955159306032077771e-01 -6.965165790695350134e-01 2.557719823233561840e-02
-2.202570726351519514e+00 -1.829996985523614894e+00 -7.240216256285373353e-01
8.884067287891793674e-01 -1.708044049683640209e+00 -7.975253975837608422e-01
-1.802730755695078013e+00 2.750233834768178731e-01 -7.803368457539009428e-01
1.152231258952459036e+00 1.525786914432348818e+00 -1.175097507184889700e+00
2.965555780621243365e+00 6.567363946865317770e-01 5.116971838274469997e-01
7.166108131365438172e-02 -1.560182080326532494e+00 -7.071113428353715813e-01
-2.019524221613993475e+00 2.796868578859820764e-01 -9.464150843759436826e-01
4.474632174048899236e-01 -1.387016877122822622e+00 -7.971782068862041104e-01
-1.146442291930997781e+00 2.958110968012437780e+00 -2.510745175053376577e-01
8.735935928670313100e-01 4.440750614503366500e-01 -4.974962070114657964e-01
2.358221978916918538e+00 1.213644337667841411e+00 4.805368457702733354e-01
1.227456481813258282e+00 -1.545335206285135765e+00 -9.837593435371458916e-01
4.297434966145465829e-01 -1.730742075435957039e+00 -8.060193220600455621e-01
-2.934952408216294772e-01 1.146131696891656837e+00 1.754155391099037065e-01
-2.199881089115888422e+00 1.657486125823972145e+00 7.797076229277490889e-01
-2.008139493442730128e+00 2.145978585014976403e+00 1.149235054842649983e-01
-2.091813659367660339e-01 9.091456329300398043e-01 5.474931040369774848e-01
1.495798768236442866e+00 -1.528171474124818907e+00 -1.005324291425003791e+00
9.750120857831592325e-01 9.086536461777795504e-01 -7.287907979362189259e-01
5.625533545131002899e-01 -1.434715079920931613e+00 -1.042596862358870391e+00
6.082382469066124342e-01 -1.706221487958217597e+00 -1.163762693038399298e+00
-4.376741621948186944e-01 -3.017476015203519601e+00 5.285702827822699179e-01
8.774174329117684357e-01 -1.496091183916658629e+00 9.571654608381580109e-01
-1.127154936045960953e+00 6.575277742567714467e-01 -4.665542673187794698e-01
-1.796906523106012621e+00 -3.138639338581594163e-01 1.166173963830927196e+00
-2.067832901338236162e+00 1.950263464188964069e-01 7.992036178191670448e-01
-1.822902222839918318e+00 -3.699273675789921390e-02 -1.115883472379887387e+00
-1.999238192807074155e+00 -3.396556945451221776e-01 -1.067824246396574583e+00
-2.164799096572956660e+00 -1.128460694432741107e+00 -7.630558537109182193e-01
-1.720243538823021501e+00 2.202596372907863032e+00 1.255344624452113811e-01
-2.471973690653584743e+00 1.523117194696911758e+00 7.874516089978322864e-01
2.866674920585910780e+00 -2.570781319806244580e-01 4.810705177091353923e-02
-8.742774265799280187e-01 -9.268511332487507914e-01 5.316380145129371293e-01
-1.886815730967886795e+00 -2.279645806001420194e+00 -2.719160092228634085e-02
6.861867170522205628e-01 -2.152914597270991326e+00 7.567989446901747241e-01
-1.277139381792359085e+00 2.616162149584380536e+00 9.796652930965724093e-02
6.430924211141737512e-01 1.654758348060817230e+00 1.176038898544899736e+00
-1.023787859348697316e+00 5.287912537479495523e-01 -4.988370300814071734e-01
-2.525606009417978859e-01 -2.621387863451876132e+00 7.524963939633970700e-01
1.207753680880086167e+00 7.364988105437164645e-01 -5.517039037360533804e-01
2.255602138365786491e-01 1.427396397466986544e+00 6.260314661945283188e-01
-4.615328511562169500e-01 -6.616149235892322400e-01 1.218014694545503651e-01
3.178048486482953905e-01 2.466142029255284029e+00 -6.412801796630792639e-01
9.434441013777271623e-01 8.492751366078354902e-01 -8.149134767879765429e-01
1.294956327273149910e+00 1.059260844110798461e+00 -1.039595805899772296e+00
-1.755988741949469079e-01 -9.057366323285773735e-01 -1.958035296337754250e-01
-1.479468015943775194e+00 -3.754855091123798227e-01 1.100821986519451734e+00
-2.134560432850858724e+00 -1.688116116549515766e+00 -7.291199095990068546e-01
-1.721937619575508727e-02 -1.155562231462680334e+00 -4.059513579076402534e-01
5.524476436488819087e-02 -1.261439068971708544e+00 -4.911040672256206108e-01
-6.437407511427015727e-01 -9.528049980164321475e-01 -1.240568463660084997e-01
-7.984227159069736679e-01 6.920406128813453295e-01 -1.484631926524223045e-01
-5.064379328149345438e-01 -9.676884780765736549e-01 2.566415655431440457e-01
-3.742558120882957251e-01 -2.973403134481953369e+00 6.678083648821153684e-01
-7.820207563928470718e-01 7.978568349766592682e-01 -7.757158023637364397e-02
-8.590938871248506026e-02 2.835551502414034530e+00 -8.509358806062838898e-01
-2.029127383773646098e+00 -4.332023648404440541e-01 -1.013738944830729238e+00
9.475762633677943247e-01 7.111491134076398657e-01 -8.324509781996118907e-01
3.412851748997581258e-01 -1.464606798215107641e+00 -6.834103072192245776e-01
2.801268087875055102e+00 -1.092809724519496317e+00 -3.730285829618627536e-01
1.069887447950936599e+00 4.625800242085045255e-01 -2.908155737769846372e-01
1.003788172201955042e+00 8.874152007918360008e-01 -6.757854590012496443e-01
2.810376495399265817e+00 1.147198557902821658e+00 4.695837934739658381e-01
-2.361142470442184838e+00 2.532824584389650746e-01 8.896554640065491570e-01
-1.000236936083789052e+00 -6.188646541309947846e-01 3.896745835229361576e-01
-8.190287410696084347e-02 9.909567185213586926e-01 3.474360566413350337e-01
1.138990452270333797e+00 -1.168567768107773741e+00 1.136340436703626944e+00
1.278695440107409986e+00 -1.258605614474391787e+00 8.077752770082309297e-01
-6.442236754940211529e-05 -2.916941514184671291e+00 6.439644696946043023e-01
-1.447042406405539605e+00 3.506029347168702071e-01 -7.383006942267308359e-01
-4.073356777596784384e-01 6.892566029345990053e-01 1.500477814836727840e-02
-1.049638023259382713e+00 -8.031784831805337532e-01 4.257467303092616895e-01
-1.394630634002234082e+00 -2.502005683202684239e+00 1.895203693544847412e-01
-1.359951881457079459e+00 -2.459432932039803177e+00 -4.414580227466741169e-02
-5.810310675025236460e-01 -9.322560672062841780e-01 3.756182905300191610e-01
-2.495606745512596092e+00 1.119387612767773987e+00 6.306666533095185434e-01
3.633255936064935243e-01 -2.567403022081582886e+00 1.035863548305225423e+00
-2.250769275394589819e+00 -2.033861521690217167e+00 -2.799001185935516278e-01
-6.506991267191025718e-01 8.967971189889798467e-01 1.379585236454926034e-01
-2.307900775892810508e+00 7.003466596183189896e-01 1.110198794667480060e+00
-2.286865553071191659e+00 1.405274581868844797e+00 8.916672464715473811e-01
8.200026495448343722e-01 -1.976897572309815332e-01 2.771015336701069254e-01
8.037255230154829455e-01 1.685557181568747120e+00 -1.024978774925350278e+00
-1.970030723849169219e+00 -1.245969704326733846e-01 -8.235859462611541115e-01
-2.986501634314913667e-01 2.668939001864673699e+00 -4.249910072577409714e-01
-1.559714069096765909e-01 -8.923100809281185875e-01 -4.577548513111458495e-01
8.906083626974936607e-01 -1.917926143222692614e+00 -9.841434165452950245e-01
-7.084639270999500971e-01 -2.925922337150963060e+00 2.161662068888758892e-01
7.599562661480162573e-01 -1.773949408578336273e+00 -8.086167148733303112e-01
2.005898720338042396e-01 2.398633943381178302e+00 -7.412464048952440709e-01
-1.684741336388058119e+00 1.017013594642818125e-01 -1.090320774088512801e+00
1.131765522523840550e+00 1.689805919744646889e-01 -5.322048946293796989e-01
1.091324824389417580e+00 -2.419748212963718226e-02 3.615090255979536704e-01
-2.527856776735541988e-01 -9.344890380939137042e-01 -3.286478305668867617e-02
-6.791971840912748304e-01 9.359652734002048557e-01 -4.461756194592950142e-01
-4.733680415742024805e-01 1.000070447283045505e+00 -1.758173381786783673e-01
2.334469568019573504e+00 -1.241030925583873401e+00 -8.721644883980606000e-01
3.816586939922244071e-01 2.649251958741771329e+00 -9.888228661778168949e-01
-1.800763634226818510e+00 -2.574672646242294416e+00 -2.716403050972916455e-01
8.914701205531261330e-02 -2.446875710315544517e+00 7.886518673962500392e-01
-1.771012661780798192e+00 -2.275278949104887261e+00 -4.073202195900995637e-01
1.515675966972478861e+00 -1.778288659485128820e+00 -1.151581700732120295e+00
6.656378185141536008e-01 2.186608513057324288e+00 -7.480771481864952888e-01
-2.172657854708512026e+00 1.317881759263668684e+00 6.074675381495630022e-01
-1.102418344142261780e-01 2.591058741467004545e+00 -8.280383728204900873e-01
2.798002292288559456e+00 2.667487161613587565e-01 2.505355041802731497e-01
1.070203821387935905e+00 -1.283241383973127425e-01 -1.454104629234818091e-01
1.145437023923746800e+00 1.565719265612010025e+00 -1.176194179519564953e+00
-7.272163285467401206e-01 -7.218723031227467501e-01 6.412119360417136704e-01
1.045486984374772499e+00 -1.915146807847430077e+00 1.156997989765691459e+00
1.004900079049238393e+00 -1.954181908746253082e+00 1.165751201038327967e+00
1.890331626483858218e-01 1.223235658673409665e+00 8.881231544861095673e-01
-7.059403942615232186e-01 5.687420060767746088e-01 -3.757845673159665445e-01
-1.916460454987374051e+00 -1.960992632109064049e+00 -4.701444265669419975e-01
2.918612179947650986e+00 -5.014750554781049335e-02 1.793319737295896998e-01
1.154263563791023905e+00 -3.937731470266474243e-02 -1.763692936538717171e-01
-2.245492695428433993e+00 -8.833674456231435101e-01 -1.037351640145953269e+00
-6.213413661661799647e-01 6.574891969936678127e-01 -2.964385372389576057e-02
2.454345739580052754e+00 1.030361755336980822e+00 4.493902192479458102e-01
-9.466636308083954399e-01 -5.405739169172469882e-01 4.519685673868498732e-01
1.087434877683000511e+00 -1.748771870683324403e+00 8.198837078257069644e-01
-3.330830171190539701e-01 -1.227121912034040196e+00 -6.134000988552718026e-01
1.178378238619196772e+00 4.703457721353224152e-01 -8.139425305908758457e-01
6.846475242848761023e-02 -1.340539819837676561e+00 -5.228096876301183693e-01
3.469568184984395121e-01 2.502614581475993472e+00 -1.046732976953900884e+00
-2.424774185383997249e+00 -1.026719000695375916e+00 -1.014671396195127251e+00
-2.468940909337978606e+00 -1.605671501117650113e+00 -7.310305035103605853e-01
1.221145147013112719e+00 8.235407488463777348e-01 -6.037150937269114559e-01
-6.685871480429603775e-01 -7.545788242800803847e-01 -5.729541933907154189e-02
1.181824609218958155e+00 1.783692683938468138e+00 1.190712418782019277e+00
-1.325599198471079321e+00 2.539606186789046927e+00 1.021733495680946097e-01
3.169125934489765761e+00 -1.663584746794938840e-01 -1.796512302174456399e-01
-1.206945870080529337e+00 -6.958302526449522407e-01 5.287422044833929302e-01
9.863554198453530208e-01 6.516605700476992002e-02 2.591805300054821348e-01
-1.720067900423365215e+00 4.150819173304815535e-01 -1.135112113149348234e+00
-5.411508671114941826e-01 7.630378888041290386e-01 -4.268934219532365404e-01
1.179203228984483376e+00 -9.868657883754002047e-02 -1.351171880362483230e-02
-4.363714403134570929e-01 -2.751597807545264729e+00 3.230314934187649700e-01
1.086882975086954639e+00 1.882743787284618220e+00 1.139286641667299760e+00
-1.031313504486756738e+00 2.698340682912075295e+00 -3.682456116727855777e-02
-1.744336972341979708e+00 -1.688557314591387915e-05 -1.026904899278356043e+00
8.703964497814106194e-01 -1.578865537275231823e+00 -1.147383768360814127e+00
-1.542219625302915453e+00 -2.722195303789758380e+00 -1.580302615354753082e-01
-2.272066355875856924e+00 -1.013502445799398410e+00 -6.353115663928712298e-01
-4.403506338891461924e-01 1.146204866305379877e+00 2.129862193479223342e-01
-2.089644553522588044e+00 1.971563845723951422e-02 -8.182068826408945839e-01
-1.176970228710682020e+00 -7.824848846127722135e-01 5.495719173022364235e-01
9.378410486454210604e-01 1.194109005454079719e+00 -9.414461764936755683e-01
3.118005731538386893e+00 -5.164511870965533546e-01 -3.044214395031938913e-01
9.473973528988877124e-01 -5.141558892988644658e-01 3.996200168196537561e-01
-9.308485259144003710e-01 9.105531498988872485e-01 -4.287252785505882846e-01
-1.081273321777351137e+00 5.121116911739658217e-01 -8.825447983125128681e-01
-2.407871224657270659e+00 -5.849647138780201816e-01 -7.545520905884166574e-01
-2.294329464634941029e+00 -4.422976097416318475e-01 -7.577069715344397771e-01
8.283338966113361623e-01 1.350716389600111200e-01 -2.219012325635808663e-02
1.124218881172770912e+00 -1.175704200326781468e-01 4.694715024357903888e-01
7.085516661823269002e-01 -1.873124798692702653e+00 1.034677405067576217e+00
5.800195236922366382e-01 -1.605879006070287440e+00 -1.163193643591263315e+00
-6.692071810737357795e-01 -6.962406401638109310e-01 5.862862658098308422e-03
-6.715348111842703305e-02 9.641688287263215917e-01 4.876478591788980244e-01
3.840045342536108075e-01 2.287696192603466017e+00 -9.977255258636299473e-01
-2.342449667796702717e-01 -2.827077650079266036e+00 8.177797695133796063e-01
-2.060594425235011240e+00 1.390639489315013688e-01 1.194205366877516328e+00
-8.565071253780834337e-02 -2.527209049561307097e+00 7.258787955397033587e-01
2.521262799615214600e+00 9.115320462452231043e-01 6.159702522206852437e-01
-2.093156387145156838e+00 -1.509877432702653732e-01 -1.194709772511306056e+00
1.778917844686946914e+00 -1.548620634258574436e+00 -7.169793020610062406e-01
1.342139568820530648e+00 1.550767385936872467e+00 9.151012794075645829e-01
-8.689531490297834893e-01 7.892335846801336041e-01 -1.988227960765188429e-01
1.102587299346790450e+00 1.938472425690158207e+00 9.610024118736236742e-01
-2.222872019650126152e+00 1.937444384785488527e+00 2.622738808252585985e-01
-1.095382446042681313e+00 4.447949804683587471e-01 -6.969463484242407469e-01
6.154902394649521824e-01 1.739116966102594031e+00 1.153960673733042563e+00
2.808044439833787820e+00 1.146937474264124734e+00 4.627015986829103866e-01
5.635440953604434755e-01 2.075890657513612236e+00 -8.933228262521077934e-01
9.092776267301582171e-01 -1.645077787540566661e+00 1.161806630084495806e+00
-9.791451566627130676e-01 -8.830457908870567030e-01 4.364554555774787792e-01
9.497275676895688967e-01 8.059767324070883365e-01 -8.587903595506751753e-01
1.284512198891873958e+00 9.244196326575186973e-01 -6.943399794113789270e-01
5.083154781175833747e-01 -1.591688219010381156e+00 -1.150978399863826995e+00
-2.575273468442877411e-01 8.854919694109359973e-01 5.141217743907295912e-01
-2.168345222611882228e+00 1.019124416337356398e-01 -1.040151682878867723e+00
3.745247932776740729e-01 1.745898273917753096e+00 8.552471319666752336e-01
7.331600270933520402e-01 -1.886009988179149000e+00 -9.798196940122277931e-01
-4.671892036138362014e-01 -2.770727403180609283e+00 3.032046071157912248e-01
1.016801732758289445e+00 -1.037564751080283676e+00 7.334437361080332618e-01
-2.053246593615643878e+00 4.984933990525821090e-01 9.371682246900385760e-01
1.031661663646088023e+00 -1.857110315404038037e+00 -8.403399662379605894e-01
-8.354789419570480824e-01 2.964819383697241406e+00 -5.017813149734885458e-01
2.840246759179092972e+00 -2.896466937550408738e-01 -3.251727090133377795e-01
2.731044491956420739e+00 -1.203275151753649963e+00 -4.415085607755463992e-01
8.991499133684984768e-01 1.707323451510784462e+00 1.197933921417575487e+00
-1.868552452990959623e+00 -5.457918080657476328e-02 8.087438734097871507e-01
9.790703138530548744e-01 -6.118440492561405541e-01 4.783477805755590451e-01
2.575754042704081481e+00 1.181545281706849027e+00 3.838233121832820838e-01
-1.848407378277718838e+00 -2.105760533234427356e+00 -4.468021987523242977e-01
5.999759351985687328e-01 2.506925769862702769e+00 -7.432329297142151736e-01
-1.436810401714420315e+00 -6.938575515599212373e-01 9.516879968837789194e-01
2.637180545743064375e+00 -8.733549332953288724e-01 -2.866048386992612329e-01
3.238512703596148068e-01 -1.734965405868865718e+00 -8.841303062747498664e-01
5.113545468129234717e-01 -2.200649487040145402e+00 1.063274943562355190e+00
3.159423717234149942e-01 1.732692044818382460e+00 8.913395338200661433e-01
-4.849075674202495967e-01 -2.741791660523437812e+00 7.095716503973603650e-01
1.025404439948608859e+00 8.404137978002158560e-01 -9.875489866169490094e-01
9.091679617724994777e-01 -3.784312540242971146e-01 2.580313801124723971e-01
1.014440908806827135e+00 -1.238505777255899831e+00 7.853268215701314503e-01
-9.279579099906332118e-01 5.573492497876925134e-01 -7.671471437983392594e-01
9.884704682750532490e-01 8.192074273280247620e-01 -6.498395306265775107e-01
1.168626141163828125e+00 1.339034290690678808e-01 -4.401325781239696644e-01
-9.802440707318872404e-01 5.118695299006523758e-01 -5.206185758484290771e-01
-2.433953544942198732e+00 -1.791155600286864713e+00 -5.394696165675660904e-01
-8.133523474159201072e-01 -6.006316637538843262e-01 6.793941601318147505e-01
-4.741410603794956602e-01 -9.675640102664027076e-01 -4.391352416599569319e-01
7.635019833507604714e-01 -1.787709808847118387e+00 9.308473273019493011e-01
2.401025513312935455e+00 1.027270363012704912e+00 5.920933750181410771e-01
-1.972603503694561944e+00 -2.413219876173200440e-01 1.141658099043710850e+00
-1.372411124429151030e+00 -2.520129207856625531e+00 2.102539292508831259e-01
9.673207439899003113e-01 1.011450695171688841e+00 -7.950085050433375322e-01
-1.835942222781408395e+00 2.241994710062439111e+00 3.739471117148870927e-02
2.689166020375068022e+00 -6.523386418833884148e-01 -4.877384405830600400e-01
-1.784629356752731377e+00 -1.288723790517348755e-01 1.173060095534741443e+00
2.698812355667731921e+00 -5.762833824092936652e-01 -2.509123279166912135e-01
2.195853623194568449e+00 1.340352740735008208e+00 5.632895362474990009e-01
8.052415358116556954e-01 1.729548939053248136e+00 1.191274799913004223e+00
-1.989551274911967482e+00 2.298258590808159862e+00 7.269072707004917144e-02
1.248270419223028727e+00 -1.598579800492897496e+00 1.061247469131148868e+00
7.777395003027739451e-01 1.750143247768952914e+00 1.183758463830517638e+00
-4.965294719378695598e-01 -1.085732090000588013e+00 -3.943430209753766291e-02
1.170550778787364798e+00 -6.794922293094132204e-01 9.541678995168918487e-01
1.208779256446407047e+00 -2.114740846282897879e-01 2.066097821142286184e-01
-2.141634564784329786e+00 1.689034460815439287e+00 7.350245853417914921e-01
-5.192448213593291451e-01 2.713257039916763702e+00 -6.768690257118578080e-01
-8.148017650739158846e-01 -2.717217112469205276e+00 1.584888001096857735e-01
1.077777002020013253e+00 1.158722456868737316e+00 -7.328650409078267813e-01
8.721789565790707410e-01 -7.389736788723022531e-02 3.457558237011104652e-01
7.339656846465126838e-01 1.878453142362623840e+00 -8.819743312529162438e-01
-9.449627571167505957e-01 -6.557601852799036513e-01 8.281123165086444748e-01
1.480751487281814494e-01 -1.591332883504891660e+00 -7.174017758354970242e-01
-8.217849520364004512e-01 -2.869285425372797960e+00 5.676365133786962502e-01
-1.533766605837126873e+00 4.613260131765138938e-01 -7.020412200560126603e-01
5.035298508582178867e-01 -2.490402126911040348e+00 6.802749030466926916e-01
1.373697563211407069e-01 -1.358397969576610187e+00 -5.668776589280241085e-01
1.274030514034872441e+00 1.412655461967332604e+00 -8.620457211523187002e-01
-2.392147912525129261e+00 5.569537603421736982e-01 1.104691828553680644e+00
2.230053248966768764e-01 2.620784478150011143e+00 -9.975914036790132222e-01
-1.521293287474131617e+00 -3.206691525428363443e-01 1.106227762837272977e+00
1.063844518420585805e+00 -5.104089442305091984e-01 8.492200114366292851e-01
8.057022689484141242e-01 5.528659219983002998e-02 -1.342711782650129471e-01
-2.385844183439831401e+00 -8.811407671692615962e-01 -6.533101467280354457e-01
9.270002293377657132e-01 -1.776677186268999398e+00 -1.191782261327003489e+00
-1.799649151138955627e+00 2.091379241199670780e+00 3.057976181339344679e-01
1.496900083909648016e-01 -2.750692739125196962e+00 9.314431141803950487e-01
-5.733319600026343110e-01 -7.072546785472790809e-01 -9.703804914436162110e-02
6.972228227301997538e-01 2.083310115086596248e+00 -1.147355351725707351e+00
2.635647555026543021e+00 -7.923181969734099939e-01 -2.933381522926051255e-01
1.106360746666128048e+00 -4.009962038620571434e-01 2.379021499637274384e-01
1.021096014909899097e+00 -6.901901637900895725e-01 5.191828181295586875e-01
6.390547140844717866e-01 -2.477210646772815661e+00 1.045038820139893909e+00
5.657254370190580861e-01 2.066523078295699811e+00 -9.896861441214274135e-01
4.614684087847835681e-01 -1.371593294260452733e+00 -8.442230707406606083e-01
2.790200600723226732e+00 -5.434274026733565410e-01 -1.099942687324280410e-01
-1.514149661764093935e+00 -2.551717695476911185e+00 -2.390559157978019433e-01
1.247538538331117053e+00 -1.278141353392957980e+00 7.870923313610104222e-01
2.222820539317566513e-01 2.737406882886826320e+00 -6.025150072994832628e-01
7.183047817716116112e-01 1.928883066998224205e+00 -8.568411936442525967e-01
-1.776960670964799816e+00 -4.823922235460526009e-01 1.045429843771826128e+00
-1.991471710385885885e+00 -2.077910747408464154e+00 -1.451359378550914625e-01
2.439137541422984334e+00 -1.117680977166896517e+00 -4.352970054424168955e-01
1.038029258504001850e+00 1.997639412433110273e+00 -8.625737344899147008e-01
2.904795869182919432e+00 5.464802682244385146e-01 5.344870647300875577e-02
-2.248643542977788901e+00 -1.478539387200361821e+00 -8.539234215771042136e-01
2.023078054736489939e+00 1.778345587980075582e+00 8.538337311926967876e-01
-2.315074205351864478e+00 -2.283864027723903622e-01 -8.469045109026127616e-01
1.848764434989145222e+00 1.422895622044791475e+00 8.189650290912412478e-01
6.495184420760612420e-01 -1.447856323693651026e+00 -9.201663621270987914e-01
-1.145309786412296749e+00 -7.662221908541534399e-01 5.031422350604172200e-01
-2.337196955563388467e+00 -2.002341425088435045e+00 -4.940234599524925829e-01
1.630880991483566189e-01 -1.625516782045890896e+00 -9.617503880105303660e-01
-7.113733880573692714e-01 9.862112032689461794e-01 -2.716564750618751245e-01
2.682282874895185465e+00 -9.948879033473151390e-01 -7.258216763961843343e-01
-9.777845306831228767e-01 2.600738856546178202e+00 -3.270523721279403051e-01
9.738675027478965740e-01 6.550650766431764804e-02 -4.275740488195372557e-01
1.199129661464877872e+00 -1.733716057841781844e+00 -7.929240406184336898e-01
1.160115163373450997e+00 1.544368948841484235e+00 9.865327584944143524e-01
-1.928906003946211922e-01 2.655554747078711308e+00 -8.215424276084186683e-01
-2.137570882214089973e+00 -1.421026822071455475e+00 -7.286821719136368225e-01
-5.599285139192491378e-01 2.997122282590243714e+00 -3.555835370870679135e-01
-2.101751585596744576e+00 2.455124926864730717e-01 7.927718979053053339e-01
1.034655968312707230e+00 -6.987867378988237288e-01 9.355531906129480602e-01
1.419276089028961962e+00 1.540980416457194080e+00 1.023959828326983956e+00
-1.617034824039799368e+00 2.738362481889535793e+00 -8.180408912411055167e-02
-2.410830265148659723e+00 4.370308694047936315e-01 8.248454917203469350e-01
-3.459071337417257697e-01 -2.631661344771992539e+00 6.955821451677944856e-01
-1.656680585907249981e+00 -2.637155205814495140e+00 -2.354278745956424057e-01
2.710616252898503387e+00 6.476250981227624770e-01 5.061990502608735287e-01
-4.476820937613790186e-01 9.007969310303933774e-01 4.329849920874841995e-01
-2.493106321619638632e-01 7.990194555374157126e-01 2.453710224455484257e-01
-2.032792860247402689e-01 1.220751788497872026e+00 3.073386498789471011e-01
4.467800638082972675e-01 -2.214293532602931158e+00 9.974303628461259619e-01
3.372412094233627200e-01 2.331923952138011735e+00 -9.880337733975608216e-01
-4.333191787722048272e-01 -1.166447853473114860e+00 -3.899709404388977396e-01
-2.703514880598298364e-01 9.217071319289995568e-01 5.643337944765348668e-01
1.315341832800214661e+00 9.063306267849099429e-01 -7.283617767005581278e-01
1.183980544816969349e+00 1.267069358469822937e+00 -1.148107913883074760e+00
-1.860953129460105049e-02 -2.922942774449158065e+00 6.354539592776980994e-01
-2.174899363405716546e+00 2.005485561735895761e+00 6.416796036587385510e-01
9.671032129873100569e-01 -3.219075814432283966e-01 1.250582232414643724e-01
-1.237451909024758212e+00 7.790820358429321191e-01 -8.690130893227374642e-01
-2.332155031347045160e+00 2.242156486033508866e-01 8.692287258294529861e-01
-1.412544756919529854e-01 -2.557379678489200892e+00 6.047275119226311890e-01
2.420028522392638493e-01 -2.766510083029503964e+00 6.389292104444668219e-01
1.050867623938238071e-01 1.515006155407434330e+00 9.985394425384696016e-01
3.035158444317879844e+00 6.759173511127937184e-01 1.808705673255113222e-01
7.737778875872055595e-01 1.841923329995562186e+00 -1.120322394984701431e+00
1.234776057259452386e+00 1.390731471538634079e+00 -1.129828780982601089e+00
-5.497999104100914636e-01 -6.339579051474497629e-01 8.221080825060254893e-02
-6.678338807252097720e-01 9.275190128403454359e-01 9.053272828330849453e-02
-8.159104433557702318e-01 -2.618467433669854127e+00 3.589928594013619412e-01
-5.147990985704475886e-01 6.570699546668334889e-01 9.322192801182252464e-04
-2.101326269682409542e+00 4.329866397718939441e-01 1.121570283835773951e+00
-2.253720790017396780e+00 -1.758827376871842318e+00 -7.587157660194511211e-01
-3.488991675132189219e-01 -2.951094639083543303e+00 7.030202345796670027e-01
-1.942893584960267983e-01 -2.661125367191937929e+00 4.571711868632435949e-01
-4.529706717702279839e-01 -6.905250963149309751e-01 -1.003497447352731942e-01
1.039684333940553485e+00 1.018572579962525815e+00 -7.074999148473074539e-01
1.213137447945276559e+00 1.560254134571323892e+00 1.068455439816907937e+00
1.321422419799519243e+00 -1.333324031477111982e+00 9.421789079985524173e-01
-5.597795149487189148e-03 -1.022229883108777937e+00 -5.782317137244843419e-01
1.162486276102698168e+00 8.103966338693683324e-01 -5.760376592748872593e-01
2.896214571139240412e+00 -8.434182373434069291e-01 -2.150121708087975592e-01
6.471541098123576585e-01 -1.443721922612866582e+00 -9.377475512497152055e-01
-8.820711747699148120e-01 8.310534408295821018e-01 -7.154006857662715824e-01
1.846254809733584024e+00 -1.642124040098963178e+00 -1.091444416855267718e+00
2.094984011917548461e+00 -1.377685551617986892e+00 -9.508550774803576910e-01
-2.370923081013422085e+00 -1.766143385670316812e+00 -3.947471859294700014e-01
-1.035466405442620141e+00 -8.863983225873486305e-01 5.774819396486863265e-01
-6.348444142850441230e-01 -2.685734248482300135e+00 2.834561321113631127e-01
-1.215148669949813076e+00 7.072966449333466521e-01 -9.476484745522124609e-01
-2.313846042406902281e+00 6.036799531506904515e-01 1.129157627890195359e+00
-1.440369903606968593e+00 2.917230659014005134e-01 -8.104741425106479769e-01
1.304853530212238377e+00 -1.049931740047456374e+00 7.634992463224469228e-01
8.453247232965850344e-01 2.349428060560733389e+00 -9.471952648331795066e-01
-6.306798777572237835e-01 -9.153095493642477987e-01 -1.723592971455645273e-01
9.478192885095737541e-01 1.721959358383015726e+00 -1.193122228075342628e+00
3.128505130205261331e+00 -4.061907919236867892e-01 -7.358895868615318581e-02
-2.019546239570381374e+00 -2.046625886257530169e+00 -5.916669008418878883e-01
-1.525364821628853118e+00 3.591265444712177235e-01 -7.297491815269312454e-01
-1.210304992294781723e+00 2.919898566135296747e+00 -2.850271799530131878e-01
-4.328141343071135738e-01 -7.325922733671506037e-01 2.353605006851267056e-01
1.669248556220583213e+00 -1.882489758471975749e+00 -1.004598563729443006e+00
-2.372248330031607289e+00 3.948313388387323375e-01 1.105614840729546744e+00
1.182215090270145597e+00 -1.252670961467032607e+00 7.503413262214263524e-01
1.027668412484524119e+00 -1.012476457975294286e-01 4.825133089325578939e-01
1.332031594741062586e+00 -7.514238455630100066e-01 7.366960221196917624e-01
-1.404934896852467974e+00 3.491502451263635010e-01 -1.040886615116594305e+00
-9.405523856154460183e-02 2.874467106551595208e+00 -4.900166492106717842e-01
-2.724996101529029713e-01 -1.004298539712751737e+00 -3.669880131157525482e-02
1.307796418909084712e+00 8.236991248291758438e-01 -6.877356732822330621e-01
1.623026215814081796e+00 1.494565304380535808e+00 9.149251528478663520e-01
-2.492019918230700792e+00 -8.784552800854239507e-01 -7.066393297118165329e-01
9.959842314791272910e-01 -1.213902652241933167e+00 1.091920337445203337e+00
-2.164232477129495180e+00 -9.923037420923599972e-02 1.059221042586170114e+00
-2.129073028005471713e+00 1.759794050891509531e+00 3.280827667323696906e-01
-9.532432530308648788e-01 -8.964151298287792446e-01 6.317532439505382236e-01
1.943606011365222874e-01 -1.256758291567646513e+00 -6.300895612363599518e-01
-1.443970309061497481e+00 3.620330506161955619e-01 -7.291263534768118726e-01
-6.551892762480199250e-01 1.004170444601490964e+00 -2.187532098562167959e-01
-6.811798110754438973e-01 -5.837102242936283991e-01 2.738980924639491943e-01
-9.216146571434300494e-01 5.045093749320342935e-01 -5.784269597533862051e-01
-2.197536165419542886e+00 6.129237066100816644e-01 1.107758153891985176e+00
2.153616583177407673e+00 1.248246719723889786e+00 7.604585625420952066e-01
-2.009833498967374066e+00 1.847181106010911122e+00 5.861460125953492639e-01
1.910913019049819583e+00 -1.457831955413380287e+00 -1.000341760853668660e+00
-1.793489091807991764e+00 -2.490097871268531549e+00 -3.510394378580727892e-01
2.578932935890890121e+00 -1.046080797404322471e+00 -7.627110342109461039e-01
1.753344478955113583e+00 1.872385419696053432e+00 9.413331313900608066e-01
-5.058944959455648205e-02 1.474409947790943143e+00 8.621484938227241823e-01
-3.469001048072675175e-01 9.075871630284549907e-01 -1.229875436285251117e-01
-2.054789556430517194e+00 2.024700338468054195e+00 1.783192141804385289e-01
2.735815934583683884e+00 4.604871901489304697e-01 3.201399826731043952e-01
1.992621118443135275e+00 -1.721029877402409092e+00 -7.065993487844396403e-01
2.061467155585025246e+00 1.308690799024680773e+00 7.711936909241342564e-01
1.019287081288257069e+00 -1.386780841992366842e+00 7.954844640306187875e-01
-1.096098999171603694e+00 -7.515570979896725179e-01 4.471359909436282143e-01
9.323472102212172485e-01 5.640135911052169826e-01 -4.854645551599228170e-01
5.171126995950612315e-01 -1.630160034616369824e+00 -7.483320161002784410e-01
-8.901407002288480586e-01 7.192870177604518966e-01 -2.340099686864855477e-01
-1.032192877488987470e+00 7.450853017729813788e-01 -8.583900830392767745e-01
1.150752914493727408e+00 1.548505575814413504e+00 9.531685555284514777e-01
6.966896042400382294e-01 1.841512209442375037e+00 8.740967099611954838e-01
-1.732346565612841616e+00 9.995194579448224426e-03 -1.008201869590247490e+00
9.109009057108922169e-01 3.977348502430068655e-01 -2.850978370662674566e-01
2.975022479662842390e+00 -5.394724496779581546e-01 -5.030650781486525891e-02
1.226775246653886597e+00 1.564365348896901819e+00 -8.668261938204042671e-01
-4.573459475759239501e-01 -8.004586210402232505e-01 3.107231026219736680e-01
-9.978957815618871852e-01 4.800326738337674648e-01 -6.325541574945924284e-01
5.779537760309508831e-01 -1.418980852552576444e+00 -9.868585096787991784e-01
1.208479203214850362e+00 1.747883057260375184e+00 -1.018777007780412802e+00
1.040482391907716186e+00 1.606812927416587877e+00 -7.966636751529727611e-01
1.681941869463388528e+00 -1.777341173227595883e+00 -1.111506007070757862e+00
7.059870430135102293e-01 -1.875382497810473392e+00 9.435320522639513152e-01
9.488864753091948989e-01 -1.124161352540368197e+00 9.657044500927263186e-01
-2.521446814152933147e+00 1.496710250416503074e+00 6.776085344081758111e-01
-2.345851590057942970e-01 -8.410696856222762419e-01 -1.131079280563104805e-01
2.726280689771311661e+00 -1.145393998430506821e+00 -3.780550038618021302e-01
1.754242392471245804e+00 1.463424491966446084e+00 8.331730910154246939e-01
1.239886112715975042e+00 2.667909962913716515e-01 -4.650996951798295198e-01
1.595656997817598066e+00 1.604290321713940815e+00 1.114429313631592589e+00
1.973478175400358969e+00 1.736252612570218901e+00 1.010471247492974678e+00
-1.282093941307381524e+00 -6.012147599308074186e-01 1.018654265051475383e+00
-4.794429753135674432e-01 2.721214395724026236e+00 -7.021957249821513258e-01
-1.474541387152437544e+00 -2.406470265127121699e+00 6.439139843817616449e-02
1.272209037688929900e+00 -1.713506046560474561e+00 -1.185562124230863157e+00
-3.861585901290809364e-02 -1.038249267998129000e+00 -4.033762894584422831e-01
-1.485264285169810294e-01 8.892803034474778823e-01 3.372111146743861365e-01
1.072090103351531321e+00 -1.052518657311249273e+00 1.091258017064526076e+00
-2.064907625389473367e+00 -1.826444866865785666e-01 1.112214917206712617e+00
-2.131435259521687442e+00 2.055825809287482375e+00 1.893041821400806013e-01
-1.466267525373936342e+00 2.584799195558758811e+00 -2.331951288745483797e-01
1.185397460204300035e+00 -1.401907951247116202e+00 1.160270047395392190e+00
-1.743396643431188275e+00 -1.394823655624130576e-01 1.158361104464017854e+00
9.324968446667386557e-01 -1.521306856006987118e+00 8.474375699342903134e-01
-1.053009021254781297e-01 1.201441527371327034e+00 3.424376590283608746e-01
-2.203544731175051119e+00 -5.745035407057343946e-01 -1.123334189492626534e+00
1.128536024825124384e+00 4.068473310908826690e-01 -2.577777992930732065e-01
2.198671105054790242e+00 -1.218101852833885612e+00 -6.792935842584221229e-01
1.197961911111881550e+00 8.395207413022136578e-01 -6.010424431440576365e-01
2.592467419818190177e-01 1.501929209613434457e+00 6.567170377523304792e-01
2.592890061854261852e+00 8.837304445916958073e-01 3.289684110778925974e-01
-2.156279474388065331e+00 1.727179173092402875e+00 3.403603477869193150e-01
-1.023987931599147583e+00 -2.959430355931242929e+00 3.861368263898087294e-01
-7.012877083026926028e-01 2.956241587268415127e+00 -2.430336923410555683e-01
2.908615245864020760e-01 2.360355472572185587e+00 -9.649860104382674830e-01
2.846266135669978770e+00 4.134369589852693316e-01 2.616781861425196420e-02
-3.324996116738477836e-01 -2.642214980372739941e+00 7.201876842068197782e-01
3.045673835857233502e+00 -7.267401926962642200e-01 -2.603465995288815615e-01
1.249614965922184240e+00 -1.160322578111845138e+00 7.510130060938609020e-01
-1.760416843846660528e+00 -2.144652025948451168e+00 -3.120529568102670126e-01
1.218988102533081763e+00 -4.408736539612295169e-01 7.599536668470296963e-01
6.275146132283201394e-01 -2.187308968974250867e+00 1.132273094335799257e+00
-9.765711050956934480e-01 -5.420421054670110372e-01 8.044691505812664456e-01
4.630018162682259519e-01 -2.512743986523501949e+00 1.061722441975466280e+00
2.768427150107870105e+00 8.029826486748750103e-01 1.952732490526259412e-01
9.568978587533135682e-01 -1.760660998238384067e+00 1.197725632606768897e+00
7.765964304174595156e-01 1.609674778203974865e+00 8.036243334385358983e-01
1.110187771375521715e+00 2.884050924547456041e-01 -6.770822251525659974e-01
-2.535420409791447227e+00 7.553398346811315278e-01 9.044415380451650277e-01
-2.072985556809734398e+00 -3.602782936073198328e-01 -1.135359469460931914e+00
-1.332625880201524060e+00 2.464826599737153234e+00 -8.292835738022900915e-02
-6.320843962778869285e-01 -8.502094367384023244e-01 5.069954662530146150e-01
-1.682029739695132475e+00 -3.009684933314036859e-01 7.591333324347961931e-01
-1.103155898795716405e+00 2.574863416347809686e+00 -2.793727250289840258e-01
-7.885517267735975278e-01 -5.627863289019940929e-01 3.509309489877447397e-01
8.045590815875975910e-01 -1.691645256614886961e+00 9.557530663939691751e-01
-1.816889971963581596e+00 7.889433037381560210e-02 9.476372006916451429e-01
1.903248704020725768e-01 -2.498038577129168658e+00 9.773290110808551256e-01
-1.467534769321611199e-01 -1.220082957255041789e+00 -3.311712979842489357e-01
-1.427368199600976384e+00 -2.617015957559540418e+00 2.594135767470471809e-01
1.219686187027427593e+00 -7.189236303146427920e-01 5.494311527498858538e-01
-1.243259865969514877e+00 -4.706073024103946678e-01 9.909521797225330220e-01
1.020849532975349305e+00 1.113697870063018680e+00 -7.542647211505910665e-01
1.259178291828514817e+00 -3.519538695153022756e-01 4.590444342534367728e-01
-6.465994718394323382e-01 -2.989110884620165720e+00 5.631521701920080281e-01
-1.731454447511067141e-01 -1.115618538959107564e+00 -2.271359750534544253e-01
-1.849534476966282037e+00 -2.568915301532525675e+00 -2.484184420467591414e-01
-1.163848842981795917e+00 4.301978470807466537e-01 -6.897717016559301584e-01
-8.667251113308466204e-01 2.616167644849899609e+00 -2.676909007508579408e-01
2.387748151396455576e+00 1.492258894371340183e+00 5.696687473870681861e-01
1.174353226387822469e+00 1.167426546214403782e+00 -7.250233635789072872e-01
2.960056794069718222e+00 -1.698356195590004225e-01 -3.075584426562680829e-01
-1.304922288467177394e-01 2.956352856327379097e+00 -5.916715280801243537e-01
4.731399581200450566e-01 2.167644927198459470e+00 -8.824337458664597289e-01
-1.497723703636041792e+00 4.026424247951783664e-01 -7.076718366442644736e-01
1.268142303759316913e+00 6.003998731948394507e-01 -8.432433266358567714e-01
-3.253793627861366611e-01 1.081116370323110143e+00 6.442468351187356779e-02
2.484414812033199027e+00 -9.614960435892500046e-01 -6.474725930499857229e-01
-2.187272494621570917e+00 1.401587752728624015e+00 8.243290306986420513e-01
1.223635055029858476e+00 -2.344925569390713671e-01 2.798270477512687648e-01
7.818365370927775615e-01 -1.753613352956020277e+00 9.314329486025051397e-01
3.154041485402951484e+00 -2.900544163067644843e-02 -1.544281274325766118e-01
8.280773272109948069e-01 -1.656813926394197445e+00 9.308252866440340778e-01
-1.069222567628719922e+00 -5.382867940873516943e-01 5.037825320814822705e-01
4.896573115042965330e-01 2.536468565081316129e+00 -6.824965316547598748e-01
-3.046269892023108494e-01 2.752158991756600948e+00 -3.745754988344873748e-01
6.657939891116403386e-01 -1.731566113154953346e+00 -7.906091089035360842e-01
-5.210020461319699869e-01 -6.349945701950641119e-01 1.176714223027531397e-01
-5.881182066747222548e-01 2.719342130215468334e+00 -2.756303576133933841e-01
-1.300355523109396616e+00 2.677183062950485581e+00 -3.300356166545272973e-01
-2.187594000453190635e+00 -3.613680404495512311e-01 -7.712290695291182940e-01
1.132440612720201134e+00 2.906598271769295083e-02 -3.281429321104155639e-01
2.088061045287882056e+00 -1.485589675331593584e+00 -5.981286145417522571e-01
9.766645524120985966e-01 -5.219402597750277817e-03 3.531975561235930483e-01
-4.804273807238759186e-01 6.720334310635829311e-01 4.504328281227783226e-02
-2.551348166022445962e+00 -1.178582923589295950e+00 -8.398717585942634400e-01
-3.403809689496269941e-01 -7.415254109027695772e-01 9.857005558555863300e-03
1.209029507294793193e+00 -1.121939305263705222e+00 1.112932070249804228e+00
1.960601786644713185e+00 1.804297224208956330e+00 8.773051672186029659e-01
1.132455137616502627e+00 -4.457880987471145029e-01 8.093155701170819949e-01
-7.137941737300452782e-01 9.870079711296583236e-01 -2.367999815375592121e-01
3.753115026825553091e-01 -1.312838581891779377e+00 -8.762046204760243207e-01
8.472657550631094159e-01 -2.071712874430797768e+00 1.176086764322136213e+00
3.708952423171347212e-01 -2.270188252944203455e+00 8.185720598260189940e-01
-1.403757815695662270e+00 -4.397392609804544605e-01 1.077115721054760389e+00
5.824519032251942452e-01 -2.465995799355556795e+00 7.138950291475263388e-01
-8.827340687865393720e-01 -7.994521949296571339e-01 7.420289174569475454e-01
-2.156466171095281492e+00 9.239920314798300005e-01 8.675894072964722703e-01
1.043259173436783982e+00 1.902539078085291102e+00 8.864833193468794059e-01
-2.234583667445990685e+00 -2.120450360770772757e+00 -2.862890801975961352e-01
-4.495191789543691308e-02 1.006060101138249507e+00 6.344523682434730638e-01
-2.080056690499146654e+00 2.007188810053066319e-01 -1.067446538182479143e+00
1.234998073551360598e+00 -8.357010976586868312e-01 1.008335942123792961e+00
9.055091023562082952e-01 -2.273783285241309127e+00 9.305290926185375566e-01
3.573868425286289563e-01 2.280975364230153346e+00 -9.461029221543301171e-01
5.408020726330753369e-02 -1.188817091995389763e+00 -4.879042959141668412e-01
-1.433258367144856438e+00 2.785688035701308074e+00 -2.336152942589358461e-01
9.931380654688268805e-01 2.107815309980164642e+00 -1.085573149604441845e+00
-7.106242288529768247e-01 9.330161520379353091e-01 -1.066043859225578039e-02
-9.084205115780298323e-01 8.026833341054208093e-01 -7.549955736634873515e-01
-2.156590550331888956e+00 2.271034190730357949e+00 2.677390404434923932e-01
2.260080664602300615e+00 1.234107582741190923e+00 8.498661236754820880e-01
-1.287280710132121975e+00 -4.240392986722599789e-01 6.771679353116594191e-01
6.268318788603859382e-01 -2.211736555987517949e+00 1.134158888363622442e+00
-1.363171191516203029e+00 -2.542297771073585455e+00 -1.363536868429181259e-01
-9.905103674048585383e-01 -5.067775791825637199e-01 7.736155162380944361e-01
2.162915644197159537e+00 1.274971716013633571e+00 8.522804320114114596e-01
-2.514331860771661931e-01 -2.988555115759757630e+00 5.724958965622933826e-01
7.679597063755441155e-01 1.866904940058967455e+00 -8.540417051742941190e-01
4.089085378103627377e-01 1.333064442453109288e+00 8.672557144821533281e-01
7.881745000215648611e-01 2.139547306216729616e+00 -7.644478360390347671e-01
-2.146125945049249140e+00 -8.431495111158868738e-01 -8.934431801792214189e-01
3.130710471935126415e-01 1.669930824440357453e+00 7.656317953152596001e-01
2.782782587962771448e+00 -5.211792720723942285e-01 -4.540698904734046248e-01
7.694671316353376422e-01 -1.888687256862487285e+00 1.137757080016251976e+00
-2.208973713363040048e+00 3.912401168958793973e-01 7.652546146332255272e-01
-2.211039092516204452e+00 -1.153733512227958835e+00 -9.120245428294709855e-01
1.975784375420970074e+00 1.752160646759856055e+00 9.932436709342979952e-01
-1.759998164288812061e+00 -4.914195185032104174e-01 8.526208530665413399e-01
-1.532905961879505341e+00 -2.461058312232098810e+00 -2.466927236580089833e-01
-2.488931400338656452e+00 1.248773121014385756e+00 5.893423104671507984e-01
2.369897853196316184e+00 -1.442321445324099116e+00 -5.275118191205251383e-01
5.703520528623697849e-01 2.279056441289569079e+00 -7.215778096935060448e-01
1.758837146914541405e+00 1.460408364644081525e+00 8.364699525641972055e-01
9.359181991347569340e-01 1.722667573233645499e-01 -5.178622417564946456e-01
-1.753003459837185085e+00 5.128754742998973271e-01 -1.016099019911595125e+00
-1.493547213665225470e+00 -2.819543566365130705e+00 1.138045161034826197e-01
3.520561416666611598e-01 -1.412233094831087721e+00 -1.064831788888784603e+00
9.729607443432439773e-01 -6.156642621925512149e-01 8.419992289800333207e-01
-7.129938211077654353e-01 -9.514303196388241846e-01 4.630772276073152199e-02
1.198923196262186908e+00 4.972765340641918663e-02 -1.648519217788763924e-01
9.313326428547055169e-01 6.335795283922549537e-01 -7.731510111012546149e-01
-2.418938533040992933e+00 -1.068681794570325083e+00 -1.004801046017355759e+00
-2.192361187189053595e+00 -1.584806540546481457e-01 -8.043050476316505604e-01
2.988100291969173483e+00 -2.338716731044457875e-01 -3.398905317837552786e-01
1.271192551579786389e+00 5.115114182233118090e-01 -7.579216658380155680e-01
1.124304083590340175e+00 7.350043742378197242e-01 -5.262491732752284657e-01
-6.038146182180490484e-01 -9.933161112025374884e-01 2.710813626832920264e-01
1.118178623187442211e+00 -1.763770152091305166e+00 -7.984287627727993941e-01
9.566713786392647689e-01 -8.366385332102613814e-01 8.871313755494840692e-01
-3.778861491949302431e-01 -1.219445065445816212e+00 -4.117534525145040147e-01
1.068335167737475722e+00 -1.191085085881512962e+00 1.130042864865389074e+00
-2.163691646296689974e+00 9.778428590628529538e-01 8.720350522736601828e-01
-1.800923184873780336e+00 2.112189410198161088e+00 1.989630082607300177e-01
2.687740785195992022e+00 -1.228690519879935383e+00 -7.260910359994883212e-01
5.033199703595104824e-01 1.577194660652750491e+00 1.148009080203996390e+00
7.836254424154710518e-01 -1.792288234925552004e+00 1.102293511218235267e+00
1.206175447045691129e+00 8.968533401564068863e-02 -1.862690038691755257e-01
-2.231720935502960135e+00 -3.546709143561800337e-01 -7.695872092011235566e-01
-2.167701459077305159e+00 -1.088471066306943902e+00 -7.596097052292262175e-01
-2.357911589690152576e-01 -1.154037702125859211e+00 -2.145477835521052978e-01
-2.355281477333541762e+00 6.174477725115928850e-01 7.232992179846011727e-01
-2.233017447966619162e+00 1.993382861909010373e+00 6.365765879984491837e-01
-3.625949699104328294e-01 7.309877691293449331e-01 -5.662126218064475469e-02
1.304168644056556081e+00 -1.268387673263167370e+00 8.456502120206303985e-01
-2.167754072342928051e+00 -2.016356415216218778e+00 -2.162814791398725012e-01
1.218500611042787396e+00 1.779227880996684941e-01 -3.684844924402713717e-01
1.137488165132416601e-01 1.393456056812342414e+00 5.655305184719275902e-01
1.085065243819332448e+00 1.964336132583952343e+00 -9.030787505770625501e-01
-4.279855337184718805e-02 -1.398386791947857644e+00 -5.285532083180005669e-01
7.770084792009156471e-01 1.557188537948548834e+00 1.140053997466377256e+00
1.032931000285389089e+00 1.808450220600438474e+00 -8.089946843183851710e-01
2.546847567741959750e+00 8.504742530268186718e-01 4.345929165739251254e-01
2.970213266250654183e+00 6.705989885473414569e-01 5.110966777331200639e-01
-2.137378071371571320e+00 3.543961968139407448e-01 7.845546469710653614e-01
-2.050861534995636060e+00 -8.843120903483683848e-02 -1.198059105458765261e+00
-1.455139259939101981e+00 -2.784453249402701669e+00 -9.338703488545151143e-02
7.628962062561470692e-01 -1.501253112514971955e+00 -1.071737254961010910e+00
-2.048339482340182371e+00 -2.990697644754556836e-02 1.191813228135172764e+00
1.299525387977088720e+00 1.448485883959992782e+00 -9.927934419706495595e-01
-5.185426308256928518e-01 2.876421693877761587e+00 -2.783989172971473858e-01
-2.022751973166522221e-01 -1.257961990819117304e+00 -3.542372980527215831e-01
-1.360488575583058690e+00 -2.821417595746683382e+00 2.677651783792279749e-01
-1.649598131261013290e+00 -1.216403162766733353e-01 1.068069121580302427e+00
-6.079666721198653256e-01 -9.699869520349564400e-01 3.313838297540572242e-01
-2.167534042960572727e+00 -1.044938638672320508e+00 -7.726860530436212571e-01
9.085385107348679101e-01 -1.878921396174287661e+00 -8.766408596413101106e-01
-2.247394820614717403e+00 2.149306243964802743e+00 4.436100191893333489e-01
9.084738908185195916e-01 5.231200664214207263e-01 -4.817095777813035773e-01
8.309668540561968575e-01 -1.747087262646639161e+00 -1.190863468561241589e+00
-8.850184451940039665e-01 -9.000772959731224709e-01 6.155983584007891363e-01
-6.988081977174627202e-01 -2.634683505567700923e+00 4.668019209942578240e-01
1.215139522670307892e+00 1.441856898052363278e-01 -2.702320859117514074e-01
-1.736724052878145352e+00 4.937549556748254131e-01 -1.064853731067116227e+00
2.874875458260246930e+00 -5.071262377876383232e-01 -4.784413135857350508e-01
2.917506319895025180e-01 -2.690414690606170556e+00 6.226625252451787329e-01
7.323109428037265500e-01 2.400203399446169783e+00 -1.058934064678725528e+00
-4.488331924512801718e-01 2.851530895644693864e+00 -7.339963994548978077e-01
-1.766094140550932723e+00 -2.188909816908953143e+00 -1.048678609382944216e-01
-4.611445129225572037e-01 -7.036559497489376369e-01 2.566831196031698070e-01
-2.173610332658795496e-01 1.290890378346827294e+00 7.675911631449597872e-01
1.077652949322622511e-01 1.467892722685047557e+00 6.035309340726155991e-01
8.207522806091684942e-01 -1.450588225498649075e-01 2.790945299334113283e-01
-4.032294624190139731e-01 7.005438267127083174e-01 -9.427824264294693002e-02
3.054895045350185523e-01 2.350791497898641058e+00 -7.397871585959877594e-01
2.583427623955241170e-01 -1.668236171943076052e+00 -1.011649667015538379e+00
-4.644579277024417086e-01 3.013254854395779780e+00 -5.639992774670837816e-01
1.223256782187535086e+00 -1.726434439825383249e+00 -7.916170507473389018e-01
-2.377191033945367238e+00 1.663017092747514525e+00 7.804908993099107795e-01
-8.414464560017942407e-01 2.615566118686520003e+00 -3.111208771161995679e-01
3.201537333391746981e-02 -1.094678799581922712e+00 -7.605445047498384792e-01
-1.354154321707695452e+00 5.034323087391420204e-01 -1.059776172437643105e+00
-2.483036393191158098e+00 1.409260401636201809e+00 5.498533347967998752e-01
-1.105287954352702551e+00 5.986272356029624930e-01 -4.731636353171432274e-01
1.050282442078904310e+00 -6.395716465071530354e-01 4.627199048909210188e-01
-2.622421478639836989e-01 -1.075099384834024452e+00 -1.092884823764647267e-01
2.826245604402884970e-01 1.330224801623008490e+00 9.999414497683494218e-01
1.193656431507078286e-01 -1.487098551530897206e+00 -6.186049238507437265e-01
9.803088300873773475e-01 -1.891669586247889612e+00 8.023580796738870591e-01
-1.451546844117814761e+00 2.537319134372545415e-01 -9.494368904965865275e-01
1.724623147305506476e+00 -1.491961369232855494e+00 -8.006905655289686674e-01
9.024046581327336281e-01 -2.493253115503951400e-01 6.415861480089343760e-02
-3.621802513551386493e-02 1.429797361651189425e+00 9.139836947070285600e-01
1.182278403669832390e+00 -1.311402472566273403e+00 7.653310587607228266e-01
-4.924621695944007005e-01 -7.559807895225010288e-01 3.548931547309253087e-01
1.395911584945994932e-01 1.589334046395562750e+00 7.179465458259945976e-01
-1.867531576638364887e-01 2.823736690947010075e+00 -8.333751714399484367e-01
-2.194524901484675716e-01 1.360261754583452554e+00 6.841317378934852478e-01
-3.019475782275257147e-01 -9.607011304634577309e-01 -5.937502712723625731e-01
8.680001595667939940e-01 2.082882764449932367e+00 -1.171258524473850926e+00
-1.267261573553773779e+00 -2.785151885950324591e+00 3.500273696065751006e-01
2.458188708524248423e+00 1.518389485491038915e+00 7.199346466427699598e-01
-7.320389866780407928e-02 -1.476536206777230520e+00 -6.657373582246154387e-01
8.941183391768773303e-01 2.369791903563226443e-01 -5.251681451097136577e-01
-2.362111344373906796e+00 1.939929965429265213e+00 4.342954149155746069e-01
-1.509331641434144444e+00 -2.380244869637240246e+00 3.433317736414791266e-02
-1.708083423351206109e+00 -5.385334621459405557e-01 1.021123645565240157e+00
-2.655968454271481205e-01 8.308916828755957829e-01 4.086994221874677979e-01
-1.904176186102773061e+00 -1.075381110492892311e-01 -8.579200285742876186e-01
1.613741901753259711e+00 -1.892224760420435858e+00 -8.708610863959344028e-01
1.544650101098653971e+00 1.899355446017875204e+00 1.042850684775377790e+00
1.220636978253877736e+00 1.679718958739828460e+00 -1.068673744137184523e+00
-1.493106729929444931e+00 -6.484035617175809563e-01 7.389563044712920137e-01
6.241798792878604507e-01 -1.846556498968449311e+00 -9.183984555773860858e-01
-2.182329413227244608e+00 1.376121122983415601e+00 8.221551361674754865e-01
-2.127692080400533925e+00 -4.662673870852557245e-01 -1.124707766275290233e+00
-2.444875911780711508e+00 -1.609354790286395609e+00 -7.616555948186561897e-01
6.865004275163951730e-01 1.722865169218718684e+00 7.882297101053172828e-01
8.257486122609691837e-01 5.303060981827684151e-02 9.591735287101660345e-02
-1.763775370870815484e+00 -2.464416305406390340e+00 7.361619821033114908e-02
1.455150744137782004e+00 -1.886669108776022341e+00 -1.094975560224719757e+00
-1.384202584348889875e+00 -6.670593083356944897e-01 6.568009974829124298e-01
-1.718068175463207448e+00 1.302645765548638146e-01 -8.264806070762223955e-01
9.205494557850173454e-01 6.155033465458562558e-01 -7.360045803838725087e-01
-2.087548503818668078e+00 1.606968817617644651e+00 6.502320572595212678e-01
-4.206539753679666704e-01 -7.012808759612014775e-01 -1.210251907576740948e-01
2.919971522684427612e+00 9.567758230838436795e-01 5.372413087436451740e-01
8.798540630440622179e-01 -1.977633359512254385e+00 7.864502273536828625e-01
9.280464943356736551e-01 -3.639721873058992530e-01 6.579316239027154234e-01
-1.648189035524493473e+00 1.402802200295581170e-01 -1.088221179036249708e+00
-2.173533935416495311e+00 4.382410365192693780e-01 7.707925291667617751e-01
-1.738506667250021787e+00 -2.493668338669666196e-02 1.069532372428581013e+00
3.610813955707987133e-01 -2.450562989435764116e+00 6.509693849665963983e-01
9.472453390983143207e-01 -4.802320461906158799e-01 7.469282538022623541e-01
1.006930724540590516e+00 -3.617909530898439918e-01 1.691080704758633479e-01
1.267775792566923965e+00 -1.836808756780069940e+00 -1.165992429194723456e+00
-1.198741145680881637e+00 2.556835667300993098e+00 -1.012413532396497229e-02
1.502596881682760399e+00 1.900832689161626066e+00 1.058507915149182077e+00
1.910227341124073774e+00 1.650400872727918022e+00 1.073986017808373550e+00
1.175941796429608999e-01 -1.256326733234278681e+00 -5.465142771106333841e-01
6.050966063681658680e-01 -1.427741648958951615e+00 -9.260937684911921819e-01
-2.152479946119251863e+00 8.154814665590809364e-01 9.533523915190605935e-01
1.282171600540620737e+00 5.475966672217535969e-01 -7.732353979487514017e-01
1.113984583979074960e+00 1.913359828656521877e+00 1.101281688939872438e+00
2.479507212542040762e+00 -1.207821618265483732e+00 -8.452554253586643807e-01
-7.037885248125371751e-01 6.096030867637882711e-01 -5.437840610307157485e-01
4.160068281807022261e-02 1.525627442634665654e+00 9.325143692553554686e-01
-2.494009256312160083e+00 -1.005619886142363084e+00 -6.644108440906891788e-01
-2.383397277744434994e+00 3.476294414497831387e-01 1.078950863242963409e+00
-1.336077142691576292e+00 2.469151636134395478e+00 -1.083899025594008969e-01
9.013792015775291544e-01 1.570283305224499992e+00 1.135179162039616996e+00
8.496606137573237127e-01 1.545082143709571643e+00 1.115205866626610920e+00
-6.296007018224880625e-01 2.649750568160285091e+00 -5.415744497241709032e-01
-1.897633704085336603e+00 6.553735420271332435e-02 8.408831139962646972e-01
-1.363798199598926120e+00 -3.225321552603108710e-01 8.140237940896726254e-01
-4.488192214798130686e-01 -2.847087486153763169e+00 7.350001291108718693e-01
-1.796894167067363712e+00 2.452873669054203010e+00 -5.420570261959820058e-02
1.637241429278940119e+00 1.686550621654152815e+00 1.136730124555989541e+00
-2.393707531508554975e+00 -6.188250225033845586e-01 -7.352407609704257885e-01
1.471053403279803717e+00 1.585972497146667326e+00 8.154086395873122450e-01
-2.264687689134233572e+00 -4.091210445344761748e-02 -9.561587608701599406e-01
2.060034961135969733e-01 2.398093380135819075e+00 -7.368078248849126988e-01
-1.638117066096980379e+00 2.680395097462877629e+00 1.924421384799471779e-01
-6.231661066344197364e-01 5.954518632278760215e-01 -2.668395593625575435e-01
-1.267659112439069258e+00 3.745818346878158067e-01 -7.695801252208869236e-01
6.903946850027815607e-01 -1.896450676043436534e+00 1.017222459347667751e+00
9.679162517019459511e-01 -1.526966382385650967e+00 -9.774338153808778129e-01
2.115287170755222879e-02 -2.911742205970529351e+00 6.678660403914770116e-01
-2.388621471077951308e-01 2.789120265820954625e+00 -8.251202677149236386e-01
7.269010396439712363e-01 -1.884143537799628065e+00 -9.745877638601380122e-01
-6.336414640233200002e-01 8.522440135416990969e-01 1.631178440541523056e-01
-1.771855826757630981e+00 4.475409209993079507e-02 -8.572096505600358407e-01
9.171327428959719086e-01 8.866544564337572321e-02 1.928168601290388140e-01
-1.078142916032128307e+00 7.932343278752288507e-01 -4.506766969977497039e-01
9.733299455807211675e-01 8.235399810987733549e-01 -6.753336678401394844e-01
2.379462571725464159e-01 -1.391367698417812493e+00 -6.302211171716128879e-01
-2.245394382051769444e+00 -1.367454797201946182e+00 -5.077095096300577870e-01
-2.067612857591799802e+00 2.297031842667580093e-01 -1.031730838807694006e+00
1.021833158300160749e+00 1.390601571558215122e-01 -5.256662382734271777e-01
9.015680524496713089e-01 3.758504141938122101e-01 -2.655768764130849724e-01
-2.165925786360851646e+00 -7.177730404528919195e-01 -7.806514175216838769e-01
2.252953407229064453e+00 1.659432198206465259e+00 7.732132140586577274e-01
3.449116457892714149e-01 1.639974447382528178e+00 7.360624373747911564e-01
1.048432738405913778e+00 -1.553746214925989966e+00 -9.182480424790320228e-01
-1.642221949461259711e-01 9.808194878692204632e-01 6.524107705176825922e-01
-1.636830830483956722e+00 -5.391136989817130187e-01 7.758212690532476641e-01
-8.847632935731637449e-01 -9.275364011585904844e-01 5.220935772600254765e-01
-2.430189244229495227e+00 3.828031031941083739e-01 1.002570093380660943e+00
-6.933508802945501648e-01 -6.520344269255770042e-01 5.768600839779112199e-01
1.113538697920626541e+00 1.771745465302190015e+00 1.195599172345342964e+00
9.123130859195710540e-02 -1.490842417676256915e+00 -9.972409975705696095e-01
-1.532591320992631623e+00 1.966787231978855133e-01 -9.144743318273864663e-01
3.081088424831564865e+00 4.451975989216877538e-01 4.417348738662832397e-02
1.073894742817005143e+00 -1.845121856516380499e+00 8.346045990894294109e-01
4.152820352502432089e-01 -1.438230125663264136e+00 -7.304822581717077545e-01
1.249989883100802945e+00 -3.133647125306090464e-01 5.220177476320835286e-01
3.325600310594546416e-01 -1.611188786707681952e+00 -1.097874725234676552e+00
9.157530989784140596e-01 7.128732508389756806e-02 -3.957210643854486842e-01
-1.003347558775135484e+00 -2.683637885368326259e+00 6.113553382651329415e-02
-1.288083471709851269e+00 2.844845674058587903e+00 -3.076211700997109610e-01
6.150075617609956913e-01 2.131734191211757334e+00 -7.831189754660932145e-01
2.569263381548999803e+00 1.416651658687519522e+00 7.112916093596262090e-01
-2.023890742267968168e+00 -1.987851816376652314e+00 -6.053474659246501632e-01
-1.335544386718880150e-02 -1.293000147911032682e+00 -4.559368876724070874e-01
3.466277089963022695e-02 2.563954166758589892e+00 -9.104714140772101061e-01
-1.406100469958301735e+00 -3.136827978630380986e-01 7.963496287707494403e-01
-1.928269148477562034e+00 -4.042961028269843188e-02 -8.173837648714228354e-01
-1.462510239205172535e+00 -2.533805145532432856e+00 2.086618022432998321e-01
-2.206411499536094833e+00 -1.316295574519860123e-02 1.092753726239655609e+00
-2.530837715533091892e+00 1.447670209233378857e+00 7.007957909850767164e-01
-5.844429911728329374e-01 -7.820026747631984021e-01 4.822991365634570204e-01
8.655538943073932678e-01 -2.383601926925708048e-01 1.022722248260047040e-01
-3.154340857146246679e-01 -9.556895251652772760e-01 5.257116371049034426e-02
-1.403256807570341103e+00 -6.002446504751597356e-01 6.456096423747613722e-01
1.302904401447299243e+00 -8.618902625859362621e-01 9.610222804952450737e-01
1.219254730181198731e-01 -2.867244249808747369e+00 6.751783136985963774e-01
-1.962672203720400965e+00 -8.922073357287427231e-02 -1.181656414765563490e+00
-6.637967942821854095e-01 9.708498807011280984e-01 4.781205806096718025e-02
1.834584358834658036e-01 -1.648605081083721391e+00 -9.491737192997169448e-01
8.259681419065814101e-01 1.544487532974065935e+00 8.634192370610256351e-01
2.155611842623756380e-01 1.585925514126717006e+00 6.984106843060478020e-01
-1.933012947323731634e+00 -8.790039826408628520e-02 -1.169385238129685867e+00
-1.800879013564794517e+00 -5.498865723755780310e-02 1.155741864957400944e+00
-2.240194350790848610e+00 -7.854407083979735305e-01 -7.079375550385701432e-01
-1.334194725608764509e+00 3.609137615472192140e-01 -9.827325280601949542e-01
1.582773532978166475e+00 -1.504168372732567649e+00 -9.285489378035397534e-01
-1.850511571308716130e+00 4.445845909872632173e-01 -1.006389119405994625e+00
1.181984208841467821e+00 -8.362562013509977632e-01 5.942478179593149168e-01
2.935636073730390372e+00 -7.873132800297305556e-03 2.084474170589981634e-01
1.031475406340198298e+00 4.039577991815420654e-01 -2.210504557044176421e-01
1.033522952081854740e+00 -9.438962571881920338e-01 6.789471318861617366e-01
-8.702500754829242124e-01 5.561693653602834964e-01 -6.957052956809164357e-01
1.101883257963992113e+00 -1.737505341157656424e+00 1.175181021591990227e+00
-2.097519038292507521e+00 -2.346533988264190462e+00 -3.503325225680181676e-01
-2.156233101478594261e+00 -6.658501006169363912e-01 -7.897727046360331071e-01
2.694418154297363865e-01 2.335747745092777716e+00 -8.645369463216191486e-01
1.315673072800542354e+00 1.352045472748237387e+00 -9.262259072698101336e-01
2.698666369701052670e+00 -9.870538816006716454e-01 -2.826290854302486166e-01
2.158271405833945611e+00 -1.270245460225607914e+00 -6.479832822574661533e-01
1.067721941800144903e+00 -1.005475522070072625e+00 6.858142225528451874e-01
9.574131492228314944e-01 9.841122913618354229e-01 -8.123336219076722209e-01
9.486578104046899940e-01 1.663903616738430236e+00 1.189984232772378192e+00
1.028843934915449898e+00 1.159702201612436978e+00 -7.596362131339972068e-01
-3.216134204645774708e-01 -1.245646418824706725e+00 -3.728322638287684399e-01
-1.884279854749444816e+00 -1.333122738653544359e-01 -8.978766207011278366e-01
1.847605287561935539e+00 -1.845056939524695627e+00 -9.063183500379142776e-01
-6.152918238875629831e-01 -1.030579552710993330e+00 4.781663869812326217e-02
-7.638258267764905796e-01 -9.695456593873127416e-01 2.966054909681724583e-01
1.139928483350535648e+00 1.133896333489083030e+00 -7.130419503361545841e-01
2.961823435500086088e-01 1.708901011771658540e+00 8.345770628502163779e-01
3.358374329735893671e-01 -1.402215586178626516e+00 -6.919879836943789719e-01
-1.945250577199457265e+00 2.151450580251608180e+00 5.308898259382898166e-01
8.286849669081455261e-01 -2.945668746311090602e-02 2.077974514597623334e-01
5.193204398426956026e-01 -2.193073022926808946e+00 1.066021805469707262e+00
1.089772276445042376e+00 1.525184181630281133e+00 -1.190649715444869194e+00
-1.869226297755841038e-01 2.607783538957650027e+00 -7.866538210603842840e-01
-3.529981475063161955e-01 9.855024689063983656e-01 -7.602566511991694365e-02
-3.237941175051689546e-01 -7.938880959462967235e-01 6.244796537166727446e-02
9.267527257001531016e-01 -1.283275817443316758e+00 9.364071784504629514e-01
-1.028621649146758799e+00 -6.271352089834776322e-01 8.863939005886484201e-01
-2.049676066488345327e+00 -1.846239729472240132e+00 -2.994681380234474055e-01
1.111126913812500616e+00 -1.065153894923581146e-01 4.643766256640968204e-01
-8.102090261684856687e-01 -7.406253464942642584e-01 1.314043242555271163e-01
2.726082751699792084e+00 1.260537565366864232e+00 5.515302554482334196e-01
-1.312797972169284622e+00 7.013205678088525463e-01 -6.177165047452474189e-01
6.948190685058225347e-01 -2.182374367536633386e+00 1.152205534382670260e+00
2.404722571027168243e+00 -1.123062875203264088e+00 -4.646660270918898106e-01
9.172141270270066649e-01 5.556472902225307875e-01 -5.073404539663328716e-01
-2.442507401023553015e+00 8.918402439010488791e-01 1.039090628585249254e+00
1.422214995340197241e+00 -1.685793966745775974e+00 -1.165355152241031478e+00
-1.531554345296353370e+00 5.956957694104987322e-01 -7.300824245622805631e-01
9.605054472335574633e-01 -4.303047678784963637e-01 2.787808112849692321e-01
-5.468010900165058974e-01 1.032420308056236635e+00 -1.372680579037440229e-01
9.193843783523946156e-01 6.546900917573080791e-01 -6.637380635686098707e-01
-2.294088552379481560e-01 -2.944777086405156119e+00 7.272067872473544359e-01
2.185940236842636608e+00 -1.253957915923882727e+00 -8.338702745458237420e-01
1.223480100543185234e+00 2.227087779132602141e-01 -4.532895271125998438e-01
-2.331192657649176159e+00 -8.986843868595741913e-01 -1.060648950001771507e+00
-9.837696429711847435e-01 2.977550297720676920e+00 -1.954957690052429031e-01
-3.568472317387216819e-01 -1.237509894279030798e+00 -5.103864191095626168e-01
-1.337844073934306155e-01 -1.146435401342112081e+00 -2.839309934370076727e-01
1.271477123785642149e+00 6.269648688021649541e-01 -8.594567884599231267e-01
9.953658131333259496e-01 8.703560925352411548e-01 -6.752488181452457328e-01
-1.649974502394681908e+00 2.247775772191391130e+00 1.364883984824118157e-01
1.226147960483181754e+00 1.090526952777188807e+00 -7.151960693059998819e-01
1.285482291568212920e+00 7.566566673025661993e-01 -9.281213622919615158e-01
-2.495924889672624936e+00 1.401614632853222853e+00 8.298121181647517552e-01
2.929827051447509767e+00 2.624914978411717614e-01 -8.175244158776773240e-02
1.229902193753928508e+00 -2.143167509264986836e-01 3.552803126431222647e-01
1.298216706994654857e+00 -1.401227167241491323e+00 9.032541637681610336e-01
1.311584974127599779e+00 -1.149835640299490258e+00 8.097686775649750590e-01
1.934974703963647791e-01 2.773139798947321211e+00 -9.097905971231338151e-01
-2.105182696006943299e+00 -1.718182523214320190e+00 -3.707425045066367053e-01
9.023246228930994484e-01 5.662999131629291583e-01 -6.488449400720198712e-01
4.756366449547851372e-01 -1.679493927394880570e+00 -7.616034934438832282e-01
9.597072326404083586e-01 8.997684489522707052e-01 -7.581791635233499083e-01
1.030109062774334117e+00 -1.591218661112200117e+00 -8.605188672519572535e-01
-1.534058350039923191e+00 6.723247953923024989e-01 -8.799185371667571642e-01
-7.515722790769182593e-01 -2.641642415836499502e+00 4.700038103300080428e-01
9.268745723135074499e-01 5.675729110794917043e-01 -7.469631133721528204e-01
-1.073801894834876397e-01 -2.896046001335489617e+00 4.998867677691579692e-01
-1.528419018446111943e+00 2.095795888885927383e-01 -1.014779323473560035e+00
-2.230460351071339886e+00 3.475949174434529443e-01 7.707652721998720091e-01
-5.047103411210126511e-01 8.650785152009141665e-01 3.455318784183702419e-01
2.814918769763257611e+00 2.874052008166927963e-01 2.962218568561436061e-01
-2.164406713712178743e+00 -1.093055627983938960e+00 -7.985386401980480997e-01
1.582709843578107567e-01 2.752576313179440515e+00 -5.709410745625619343e-01
-2.649592943063303063e-02 1.160058080509778655e+00 8.545374746092335716e-01
9.276788519817725787e-01 1.985408501486870814e-01 3.768354108402645342e-02
-2.553691619026565274e+00 8.867923131963054706e-01 8.670901652978439955e-01
-2.120050569807817809e+00 1.375034874340698154e-01 -1.089203013703328171e+00
-4.621888184546805722e-01 -1.022473876533039894e+00 1.269800290060020820e-01
1.018902682905861612e+00 1.955784787334597929e+00 -1.157590355564116269e+00
1.457659990941838180e+00 1.922413287910187840e+00 9.095050701778130131e-01
-9.745912756828618573e-01 8.454325946152748683e-01 -3.696890525530520111e-01
2.516636652205101576e+00 9.013032614749094673e-01 4.475967692547020427e-01
-3.461676777843903929e-01 -1.213862768819297333e+00 -3.115284903663331217e-01
2.657028930206953188e+00 -7.743253412721374795e-01 -2.690380710838855549e-01
-1.622028970133566617e+00 -2.270850621420153814e+00 -1.228409596995732461e-01
-2.079474196294659460e+00 1.601770116104241248e+00 5.556035011291636794e-01
-2.265935386528294515e+00 -1.770037959674440442e+00 -7.538683693341471370e-01
-1.283625146956141327e-01 -2.776886251529194993e+00 4.399797753851372173e-01
1.848663098716257780e-01 -1.549102364002032273e+00 -6.690671755757262584e-01
1.178539993021941568e+00 -1.586671460643860110e+00 -8.718519551895306252e-01
-2.174172426068612829e+00 -1.381441224632434350e+00 -8.094310511376030526e-01
2.640064142708653527e+00 7.441166775827573465e-01 3.002128249465286780e-01
2.534639432122969271e+00 -8.934674231889143670e-01 -4.122936228117000113e-01
2.419795059842929419e+00 -1.091310544490513124e+00 -7.656466339169305524e-01
1.104870933925721888e+00 1.795738349390222144e+00 8.052016238725459019e-01
-4.199369256432485265e-01 -1.017594284941974569e+00 1.031817386001396414e-01
1.312618831227254201e+00 1.858481232621407964e+00 8.197796662956180480e-01
-1.016867818449097571e+00 -4.720164754360998693e-01 7.040537971674768469e-01
-7.334152786990340012e-01 -2.806646369376666783e+00 6.123440868104922385e-01
9.218914619903240126e-01 -1.339649860418098193e+00 9.188117638466537507e-01
4.206791718876782826e-01 -1.363014863912573205e+00 -8.008868238291020347e-01
1.006705963522485092e+00 -1.666294058298031011e+00 -1.188765709934005432e+00
6.905465797559073859e-02 2.458306759347339554e+00 -7.450850705297320520e-01
8.879776937808692150e-01 -1.574187952729110274e+00 -1.140963362802851266e+00
9.425643793181056607e-01 1.610592917927317291e+00 -1.172682863348115223e+00
1.323523819097004450e-01 -1.178211647433567766e+00 -8.450841168984267737e-01
-2.553253186985008583e+00 1.038359817139063557e+00 7.451736191775583107e-01
1.287837292268915634e+00 1.942939875920443260e+00 1.007750340665765520e+00
-2.412795148098087594e+00 -1.820227256554391104e+00 -6.104853012519576572e-01
1.041172312263031197e+00 -1.479507603941549787e+00 1.183632595552392086e+00
9.947388709071808277e-01 -3.489360371124967108e-01 1.539735999474972084e-01
-2.094390504238072825e+00 2.250493978088358382e+00 4.903182323552559563e-01
1.088211731187366249e+00 -1.094760092941651219e-01 -1.601524681695850605e-01
8.139775060981175869e-01 -1.243558377758561123e-01 6.702611286795892576e-02
5.683001271794172471e-01 2.079766336888242417e+00 -8.751375204861031598e-01
2.806260861695203168e+00 8.988514724526408539e-01 6.544205795885553734e-01
1.098298185137129013e-01 -2.491507262476062134e+00 9.149066428592230737e-01
-2.162562737951003733e+00 2.732043424744838578e-02 -1.133811785688994656e+00
-2.426713735969074026e+00 -1.402044945742190185e+00 -8.848146265150074186e-01
1.840076439742997172e+00 1.432625247681259761e+00 9.322556447563565829e-01
-5.276124581963648197e-01 9.430566202466372783e-01 -3.113656952473357609e-01
-1.375576194824672083e+00 4.202558819005715041e-01 -6.840191065651020086e-01
3.105742963623158381e+00 -5.731881309682775871e-01 -2.044811207968624256e-01
7.634665709885296581e-02 1.099488575601490936e+00 7.028618785507758648e-01
1.019017381317940535e-01 -1.309696096454653569e+00 -5.349031608919891934e-01
-7.875492184561910802e-01 2.880188012592364455e+00 -5.808980114026884856e-01
-1.968743741621258314e+00 -2.182039744263118308e+00 -5.324456235157541961e-01
-2.681822486898892133e-01 -1.237797683442397378e+00 -3.245579613956768861e-01
2.991727284516607632e-01 -1.269054485444385927e+00 -7.948089460431426723e-01
5.857207984963216374e-01 2.221042997392444818e+00 -1.119001237699617901e+00
-1.004488001646302919e+00 8.963045543046359587e-01 -5.544620654745716637e-01
-2.395464022361008638e+00 9.208030067019326026e-01 6.429319861505427003e-01
1.326808470504036164e+00 1.290435802094713313e+00 -9.244177804037744250e-01
-1.558259037624897259e+00 -2.644861218331590713e+00 -2.216854239095474854e-01
-6.956703729577710105e-01 5.717432548484346899e-01 -3.739346004257840250e-01
1.969648007042282267e-01 1.530064212827786152e+00 1.052027764106129970e+00
-1.020822201253007933e+00 -2.630215253830240574e+00 9.028356687826122329e-02
1.026320373214023807e+00 -3.129396734899353993e-01 1.034066473466592612e-01
6.075565027748526248e-01 -2.571862960455090885e+00 8.323189098261283281e-01
-1.836377059530328149e+00 -3.063539098004272598e-02 8.284029381640519718e-01
-3.140080243510626756e-01 -1.065840421122961068e+00 -5.327224623322407426e-02
8.858728591539114516e-01 1.689455319227864516e+00 7.986629640044666800e-01
2.930622696909452873e+00 -9.790523304078140310e-01 -4.625328204170613411e-01
-1.297474452641345533e+00 -2.489358547945587752e+00 1.366560946012997935e-01
1.922278384137403373e+00 1.524263566964003447e+00 1.048248649698349633e+00
-1.170289878707338582e+00 4.754293341904172188e-01 -6.079852677906891767e-01
1.288233642942265389e+00 1.738710252509157339e+00 7.848269481279894766e-01
-1.466409832633516874e+00 -3.443081259591941334e-01 7.412095506639428955e-01
9.018150481099591609e-01 1.896366318772846782e+00 9.047674133104754990e-01
1.795496346631690443e+00 -1.490297955359999316e+00 -1.018409169439563833e+00
1.670349979054091272e-01 -1.175579663464698665e+00 -7.896588714215078131e-01
2.780711078872245778e+00 3.143586389734965847e-01 9.558653848975288969e-02
-2.932568123414311390e-02 -1.000997503021917145e+00 -5.156350035867197645e-01
-9.760905352491354714e-01 2.647195756837321667e+00 -1.078498783227048452e-01
-2.427530253339805544e+00 3.959167795115828281e-01 8.841840155085143316e-01
8.710055846385111877e-01 2.187706576538699821e+00 -8.037472296336846123e-01
-2.823281177473554449e-01 8.749883249356324999e-01 -2.026315124499281084e-02
-1.599749667543659770e+00 -2.457098376958962493e+00 1.307707380689744070e-01
3.010192570172802284e+00 -8.004223962410208504e-01 -2.860869200656483979e-01
1.167550152462827118e+00 6.002175598263871648e-02 1.086089694466705197e-01
-1.599558848398780764e-01 -2.597117536778901226e+00 5.286687904111153635e-01
2.891664803575674014e+00 -1.575918320507011527e-01 -2.779974126552820501e-01
